DCODE,DNAME,tot_m_ai,tot_m_as,tot_m_aa,tot_m_hw,tot_m_wh,tot_m_hs,tot_m_mr,tot_f_ai,tot_f_as,tot_f_aa,tot_f_hw,tot_f_wh,tot_f_hs,tot_f_mr,tot_ai,tot_as,tot_aa,tot_hw,tot_wh,tot_hs,tot_mr,k_totl,g1_totl,g2_totl,g3_totl,g4_totl,g5_totl,g6_totl,g7_totl,g8_totl,g9_totl,g10_totl,g11_totl,g12_totl,tot_male,tot_fem,tot_all
01010,Alcona Community Schools,6,4,0,0,461,2,0,2,4,1,0,415,4,0,8,8,1,0,876,6,0,47,59,61,49,60,64,78,82,85,72,85,72,85,473,426,899
02010,AuTrain-Onota Public Schools,0,0,0,0,15,0,3,0,0,0,0,26,0,0,0,0,0,0,41,0,3,4,5,6,6,6,8,4,4,1,0,0,0,0,18,26,44
02020,Burt Township School District,0,1,0,0,24,2,0,0,0,0,0,14,0,0,0,1,0,0,38,2,0,1,4,2,0,1,4,1,3,3,8,3,8,3,27,14,41
02070,Munising Public Schools,76,6,4,0,255,8,0,66,2,1,1,253,5,0,142,8,5,1,508,13,0,62,42,49,56,44,42,55,48,61,52,52,57,57,349,328,677
02080,Superior Central Schools,1,2,0,0,171,0,0,3,3,0,2,200,0,0,4,5,0,2,371,0,0,19,27,26,30,31,22,24,38,31,30,26,38,40,174,208,382
03000,Allegan Area Educational Service Agency,0,0,3,0,27,0,0,0,0,0,0,6,0,0,0,0,3,0,33,0,0,3,5,3,5,5,3,3,4,4,0,0,0,1,30,6,36
03010,Plainwell Community Schools,4,10,27,5,1353,18,5,1,14,36,2,1270,14,5,5,24,63,7,2623,32,10,200,182,211,192,209,191,231,217,199,264,244,213,211,1422,1342,2764
03020,Otsego Public Schools,2,3,7,0,1181,18,18,2,11,12,1,1019,7,13,4,14,19,1,2200,25,31,188,151,151,194,170,178,156,180,169,204,175,194,184,1229,1065,2294
03030,Allegan Public Schools,8,8,56,2,1330,51,8,5,9,43,5,1245,40,13,13,17,99,7,2575,91,21,257,207,207,172,213,221,167,204,198,241,305,226,205,1463,1360,2823
03040,Wayland Union Schools,25,8,24,0,1343,56,0,21,11,23,1,1387,35,2,46,19,47,1,2730,91,2,278,230,197,217,218,216,200,216,226,203,234,257,244,1456,1480,2936
03050,Fennville Public Schools,1,0,16,0,425,339,3,1,0,10,0,429,283,2,2,0,26,0,854,622,5,139,98,108,92,108,124,101,103,110,116,133,132,145,784,725,1509
03060,Martin Public Schools,0,2,5,0,308,17,3,0,2,1,0,250,14,5,0,4,6,0,558,31,8,71,40,43,55,63,36,36,37,45,37,48,42,54,335,272,607
03070,Hopkins Public Schools,8,3,7,0,855,13,2,8,1,3,0,775,13,1,16,4,10,0,1630,26,3,152,132,126,116,136,117,99,130,124,148,136,147,126,888,801,1689
03080,Saugatuck Public Schools,0,0,2,0,404,0,9,0,0,1,0,426,1,14,0,0,3,0,830,1,23,92,51,59,74,65,73,61,68,67,64,59,54,70,415,442,857
03100,Hamilton Community Schools,8,13,8,1,1283,53,2,9,9,12,0,1140,45,2,17,22,20,1,2423,98,4,237,199,172,195,202,188,202,208,189,221,208,192,172,1368,1217,2585
03440,Glenn Public School District,0,0,0,0,23,0,0,0,0,0,0,17,0,0,0,0,0,0,40,0,0,9,5,8,5,7,4,2,0,0,0,0,0,0,23,17,40
03902,Outlook Academy,0,0,1,0,34,6,0,1,0,0,0,6,3,0,1,0,1,0,40,9,0,0,0,0,0,0,0,4,8,12,10,11,6,0,41,10,51
04010,Alpena Public Schools,7,14,11,2,2180,4,28,11,14,9,3,2117,3,28,18,28,20,5,4297,7,56,300,258,278,304,323,312,331,329,320,423,491,370,392,2246,2185,4431
04901,Bingham Academy,0,1,0,0,77,1,0,0,0,0,1,59,2,1,0,1,0,1,136,3,1,23,20,20,26,13,14,12,10,4,0,0,0,0,79,63,142
05010,Alba Public Schools,1,0,0,0,108,0,0,2,0,0,0,102,0,0,3,0,0,0,210,0,0,10,17,19,22,14,17,12,19,15,16,21,11,20,109,104,213
05035,Central Lake Public Schools,3,0,0,0,197,2,0,1,0,0,1,171,3,0,4,0,0,1,368,5,0,17,28,28,22,28,30,29,27,32,35,33,34,35,202,176,378
05040,Bellaire Public Schools,1,2,4,1,245,1,0,2,4,3,1,259,1,0,3,6,7,2,504,2,0,40,41,37,41,42,32,38,32,56,37,46,44,38,254,270,524
05060,Elk Rapids Schools,25,4,6,2,703,46,0,21,8,4,1,680,48,1,46,12,10,3,1383,94,1,159,103,98,116,122,93,112,134,103,129,132,114,134,786,763,1549
05065,Ellsworth Community School,2,1,3,0,103,6,0,0,2,6,1,101,5,0,2,3,9,1,204,11,0,14,13,16,20,16,19,21,20,13,21,23,16,18,115,115,230
05070,Mancelona Public Schools,4,2,3,0,530,3,1,3,0,4,1,542,2,0,7,2,7,1,1072,5,1,138,83,76,70,76,86,76,75,79,79,89,83,85,543,552,1095
05901,Concord Montessori and Community School,0,0,2,0,71,1,0,0,0,1,0,92,2,0,0,0,3,0,163,3,0,8,14,9,11,14,10,9,19,20,19,11,10,15,74,95,169
06010,Arenac Eastern School District,1,0,1,0,131,3,1,1,0,1,0,131,0,0,2,0,2,0,262,3,1,21,12,17,16,19,22,22,20,28,21,30,12,30,137,133,270
06020,Au Gres-Sims School District,1,2,3,0,203,0,1,7,2,2,0,177,1,0,8,4,5,0,380,1,1,25,31,28,32,42,31,31,25,34,24,32,31,33,210,189,399
06050,Standish-Sterling Community Schools,12,2,5,0,915,4,0,11,5,4,0,837,7,0,23,7,9,0,1752,11,0,145,137,138,133,123,130,138,115,153,137,151,158,144,938,864,1802
07010,Arvon Township School District,0,0,0,0,2,0,1,0,0,0,0,2,0,0,0,0,0,0,4,0,1,1,1,1,1,1,0,0,0,0,0,0,0,0,3,2,5
07020,Baraga Area Schools,135,0,2,1,135,0,0,105,0,3,1,160,0,0,240,0,5,2,295,0,0,40,42,32,31,42,40,41,49,33,50,47,35,60,273,269,542
07040,L'Anse Area Schools,89,1,0,0,298,3,0,94,0,0,0,260,3,0,183,1,0,0,558,6,0,51,41,47,55,51,57,59,58,62,70,62,73,62,391,357,748
08000,Barry ISD,0,0,1,0,16,0,0,0,0,0,0,10,0,0,0,0,1,0,26,0,0,3,3,0,2,3,0,1,2,3,0,3,4,3,17,10,27
08010,Delton-Kellogg School District,5,3,6,2,826,9,2,5,5,6,2,753,15,1,10,8,12,4,1579,24,3,126,95,120,114,101,104,122,108,130,124,138,155,203,853,787,1640
08030,Hastings Area School District,9,9,11,0,1436,41,0,13,3,10,0,1390,40,0,22,12,21,0,2826,81,0,299,220,180,209,225,208,219,230,239,237,230,235,231,1506,1456,2962
08050,Thornapple Kellogg School District,11,21,16,8,1412,48,0,16,21,18,7,1348,42,0,27,42,34,15,2760,90,0,299,229,223,215,221,216,225,220,207,224,247,207,235,1516,1452,2968
09010,Bay City School District,76,44,196,1,4070,271,44,57,39,202,0,3635,264,36,133,83,398,1,7705,535,80,707,652,622,651,637,639,651,684,656,839,882,682,633,4702,4233,8935
09030,Bangor Township Schools,6,11,34,2,1148,39,1,4,7,31,1,1171,25,0,10,18,65,3,2319,64,1,182,159,167,168,167,151,211,177,210,213,259,178,238,1241,1239,2480
09050,Essexville-Hampton Public Schools,0,14,22,3,884,21,0,0,11,20,3,881,25,0,0,25,42,6,1765,46,0,161,117,120,120,130,126,151,146,163,189,157,160,144,944,940,1884
09090,Pinconning Area Schools,4,0,5,0,775,16,2,4,2,9,0,712,15,4,8,2,14,0,1487,31,6,109,112,99,88,99,101,92,119,121,176,153,127,152,802,746,1548
09901,Bay-Arenac Community High School,0,0,9,0,58,9,0,2,0,5,0,57,9,0,2,0,14,0,115,18,0,0,0,0,0,0,0,0,0,0,41,70,17,21,76,73,149
09902,Bay County PSA,0,0,8,0,91,13,0,0,1,15,0,93,13,0,0,1,23,0,184,26,0,61,37,40,34,31,14,17,0,0,0,0,0,0,112,122,234
10015,Benzie County Central Schools,32,2,10,1,840,31,2,36,2,10,0,818,30,3,68,4,20,1,1658,61,5,147,147,136,136,131,145,135,130,145,148,134,142,141,918,899,1817
10025,Frankfort-Elberta Area Schools,3,3,14,1,286,12,0,15,3,5,3,196,7,2,18,6,19,4,482,19,2,39,42,31,50,40,40,45,45,41,41,42,43,51,319,231,550
11000,Berrien RESA,0,0,40,0,67,1,1,0,0,11,0,17,1,0,0,0,51,0,84,2,1,6,3,5,3,5,6,8,15,23,21,23,11,9,109,29,138
11010,Benton Harbor Area Schools,4,2,1736,0,57,49,9,2,0,1606,0,56,32,9,6,2,3342,0,113,81,18,286,306,285,295,299,288,239,229,228,349,274,232,252,1857,1705,3562
11020,St. Joseph Public Schools,5,69,79,2,1292,31,1,8,59,111,1,1134,33,0,13,128,190,3,2426,64,1,229,179,183,184,206,198,218,238,263,209,245,234,239,1479,1346,2825
11030,Lakeshore School District (Berrien),4,36,88,3,1364,72,1,8,34,78,2,1182,54,3,12,70,166,5,2546,126,4,232,220,224,224,219,218,237,212,222,242,237,220,222,1568,1361,2929
11033,River Valley School District,1,2,3,2,340,18,0,0,3,2,0,320,14,3,1,5,5,2,660,32,3,53,64,52,49,44,48,55,65,64,67,53,42,52,366,342,708
11160,Galien Township School District,0,0,1,0,98,2,0,0,0,1,0,68,3,0,0,0,2,0,166,5,0,12,13,12,11,6,8,7,13,8,10,15,29,29,101,72,173
11200,New Buffalo Area Schools,0,5,7,1,305,12,1,4,4,10,1,301,8,0,4,9,17,2,606,20,1,36,26,34,37,45,46,55,58,50,59,73,67,73,331,328,659
11210,Brandywine Community Schools,2,7,27,4,642,32,0,4,5,32,1,639,28,0,6,12,59,5,1281,60,0,130,96,110,80,104,99,98,108,119,113,119,121,126,714,709,1423
11240,Berrien Springs Public Schools,5,59,262,13,612,136,0,8,54,255,12,474,100,0,13,113,517,25,1086,236,0,113,138,112,137,145,137,146,164,169,163,174,180,212,1087,903,1990
11250,Eau Claire Public Schools,2,3,53,0,248,134,3,1,2,48,0,194,139,1,3,5,101,0,442,273,4,95,67,57,68,58,53,67,58,47,64,77,56,61,443,385,828
11300,Niles Community School District,14,5,243,3,1605,139,11,12,12,250,3,1432,121,17,26,17,493,6,3037,260,28,350,306,291,286,297,289,287,281,275,326,351,234,294,2020,1847,3867
11310,Buchanan Community Schools,10,5,76,0,734,20,0,6,3,54,1,696,27,1,16,8,130,1,1430,47,1,151,119,117,116,133,130,130,132,114,143,117,115,116,845,788,1633
11320,Watervliet School District,7,1,13,0,585,60,1,15,3,18,0,555,61,0,22,4,31,0,1140,121,1,135,97,86,95,107,98,111,113,99,108,98,83,89,667,652,1319
11330,Coloma Community Schools,8,2,93,2,778,70,1,12,5,81,1,727,56,1,20,7,174,3,1505,126,2,166,132,134,138,119,135,125,124,158,152,182,142,130,954,883,1837
11340,Bridgman Public Schools,1,2,4,1,472,12,1,1,13,4,0,463,11,0,2,15,8,1,935,23,1,100,57,60,74,63,72,79,70,78,83,92,74,83,493,492,985
11670,Hagar Township S/D #6,0,0,2,0,32,5,0,0,0,3,0,24,4,0,0,0,5,0,56,9,0,13,5,4,13,7,8,13,4,3,0,0,0,0,39,31,70
11830,Sodus Township S/D #5,1,0,1,0,25,7,0,1,0,0,0,31,6,0,2,0,1,0,56,13,0,6,11,11,12,9,7,3,9,4,0,0,0,0,34,38,72
11901,Countryside Academy,0,1,74,1,125,22,0,1,1,74,1,110,25,2,1,2,148,2,235,47,2,42,46,44,44,39,30,34,30,21,41,22,27,17,223,214,437
11903,Benton Harbor Charter School,0,0,155,0,5,8,13,1,0,195,0,3,4,12,1,0,350,0,8,12,25,68,63,46,37,44,39,33,29,37,0,0,0,0,181,215,396
11904,Mildred C. Wells Preparatory Academy,0,0,96,0,1,1,0,0,0,71,0,2,1,0,0,0,167,0,3,2,0,30,23,17,20,21,27,16,18,0,0,0,0,0,98,74,172
11905,Dream Academy,0,0,125,0,3,1,0,0,0,99,0,0,0,0,0,0,224,0,3,1,0,0,0,0,0,0,0,0,0,0,47,78,70,33,129,99,228
12000,Branch ISD,0,0,4,1,503,18,0,1,2,3,0,242,9,0,1,2,7,1,745,27,0,33,60,61,69,68,59,48,50,66,65,65,78,61,526,257,783
12010,Coldwater Community Schools,5,13,6,1,1459,108,3,6,23,14,0,1414,97,7,11,36,20,1,2873,205,10,287,232,203,246,204,206,241,229,235,265,270,252,286,1595,1561,3156
12020,Bronson Community School District,2,3,8,0,511,96,16,1,3,5,0,504,84,15,3,6,13,0,1015,180,31,102,87,72,102,90,95,89,92,98,104,95,109,113,636,612,1248
12040,Quincy Community School District,4,4,7,0,699,8,0,3,10,5,0,639,9,0,7,14,12,0,1338,17,0,114,100,107,110,103,125,104,87,115,99,118,95,111,722,666,1388
12901,Pansophia Academy,0,0,0,0,112,20,5,0,3,0,1,90,17,7,0,3,0,1,202,37,12,21,20,24,23,19,13,12,15,9,27,24,28,20,137,118,255
13000,Calhoun ISD,1,0,141,0,53,6,1,0,0,5,0,4,0,0,1,0,146,0,57,6,1,0,0,0,0,0,3,3,6,15,44,75,52,13,202,9,211
13010,Albion Public Schools,2,8,302,0,192,25,24,4,6,285,0,177,16,18,6,14,587,0,369,41,42,112,98,81,85,74,76,59,61,80,94,92,78,69,553,506,1059
13020,Battle Creek Public Schools,32,69,1176,3,1392,281,266,24,47,1158,3,1246,253,280,56,116,2334,6,2638,534,546,591,566,500,455,418,440,397,392,344,525,636,474,492,3219,3011,6230
13050,Athens Area Schools,10,0,1,0,334,5,1,8,0,2,0,300,3,0,18,0,3,0,634,8,1,59,44,56,45,55,59,45,46,50,49,52,57,47,351,313,664
13070,Harper Creek Community Schools,11,17,26,1,1255,34,5,9,10,28,0,1153,43,11,20,27,54,1,2408,77,16,169,158,191,190,179,161,213,195,215,246,217,245,224,1349,1254,2603
13080,Homer Community Schools,2,0,8,0,523,11,2,1,1,6,0,464,9,1,3,1,14,0,987,20,3,90,76,88,84,71,74,69,80,87,84,99,63,63,546,482,1028
13090,Lakeview Sch. District (Calhoun),18,116,187,1,1489,85,1,11,117,215,4,1493,94,4,29,233,402,5,2982,179,5,290,219,242,271,259,257,323,303,299,372,383,346,271,1897,1938,3835
13095,Mar Lee School District,1,0,4,0,160,0,3,3,0,2,0,139,1,2,4,0,6,0,299,1,5,44,24,38,32,32,40,32,51,22,0,0,0,0,168,147,315
13110,Marshall Public Schools,7,12,19,0,1149,45,0,11,16,21,0,1092,27,0,18,28,40,0,2241,72,0,180,144,176,155,179,172,172,179,175,190,231,205,241,1232,1167,2399
13120,Pennfield Schools,6,8,53,0,928,28,3,9,8,37,0,972,36,7,15,16,90,0,1900,64,10,162,147,148,147,141,132,155,170,175,235,180,152,151,1026,1069,2095
13130,Tekonsha Community Schools,0,0,0,2,155,3,0,3,1,1,1,137,3,0,3,1,1,3,292,6,0,32,24,17,21,24,29,17,21,16,36,25,20,24,160,146,306
13135,Union City Community Schools,0,0,6,0,598,5,0,2,1,9,0,516,3,0,2,1,15,0,1114,8,0,106,73,81,91,87,88,79,83,83,96,101,77,95,609,531,1140
13901,Arbor Academy,1,0,19,0,73,6,12,0,0,24,0,74,4,7,1,0,43,0,147,10,19,44,35,39,40,29,17,16,0,0,0,0,0,0,111,109,220
13902,Endeavor Charter Academy,0,14,54,0,246,4,0,0,15,60,0,253,11,0,0,29,114,0,499,15,0,81,75,80,81,81,76,64,69,50,0,0,0,0,318,339,657
13903,Marshall Academy,0,1,19,0,112,5,1,2,2,15,0,102,2,2,2,3,34,0,214,7,3,31,27,17,20,21,25,20,30,22,10,16,18,6,138,125,263
13904,Battle Creek Area Learning Center,2,0,21,1,77,11,2,0,1,6,0,42,7,0,2,1,27,1,119,18,2,0,0,0,0,0,0,0,0,0,0,24,63,83,114,56,170
14000,Lewis Cass ISD,1,0,3,0,36,2,0,1,0,2,0,15,1,0,2,0,5,0,51,3,0,1,5,2,3,2,3,6,6,6,5,12,4,6,42,19,61
14010,Cassopolis Public Schools,12,21,186,0,421,22,5,4,18,142,0,394,13,0,16,39,328,0,815,35,5,89,78,91,88,76,89,96,72,98,100,101,85,175,667,571,1238
14020,Dowagiac Union School District,29,8,174,0,881,155,10,32,4,139,0,865,152,17,61,12,313,0,1746,307,27,245,177,180,181,185,183,202,194,206,242,194,134,143,1257,1209,2466
14030,Edwardsburg Public Schools,6,14,14,0,1304,35,0,4,10,22,0,1283,30,0,10,24,36,0,2587,65,0,218,208,185,224,222,196,213,227,218,228,218,192,173,1373,1349,2722
14050,Marcellus Community Schools,4,1,16,0,468,9,1,1,0,13,0,417,6,1,5,1,29,0,885,15,2,71,58,63,57,76,70,66,62,66,72,94,84,98,499,438,937
15000,Charlevoix-Emmet ISD,6,0,0,0,77,0,0,1,0,1,0,36,0,0,7,0,1,0,113,0,0,3,1,5,5,4,12,6,5,9,10,6,10,45,83,38,121
15010,Beaver Island Community School,0,1,0,0,35,0,0,2,1,0,0,32,0,0,2,2,0,0,67,0,0,2,7,6,7,3,5,8,3,4,2,11,4,9,36,35,71
15020,Boyne City Public Schools,18,4,7,2,639,12,1,11,8,2,1,577,8,0,29,12,9,3,1216,20,1,96,97,95,81,91,109,92,98,93,111,112,102,113,683,607,1290
15030,Boyne Falls Public School District,1,0,0,0,120,0,1,4,1,0,0,121,1,1,5,1,0,0,241,1,2,15,19,22,19,12,21,30,18,26,18,16,23,11,122,128,250
15050,Charlevoix Public Schools,31,3,13,0,502,3,0,36,6,13,1,520,10,0,67,9,26,1,1022,13,0,80,77,64,89,87,88,77,84,87,93,128,90,94,552,586,1138
15060,East Jordan Public Schools,30,1,10,1,500,11,2,30,1,4,1,472,20,0,60,2,14,2,972,31,2,104,74,82,65,80,95,69,82,90,85,100,73,84,555,528,1083
15901,Concord Academy Boyne,2,0,2,0,90,1,1,4,0,0,1,101,0,2,6,0,2,1,191,1,3,16,16,12,17,10,17,17,17,14,20,11,18,19,96,108,204
15902,Northwest Academy,3,1,1,0,71,0,1,1,1,2,0,48,2,1,4,2,3,0,119,2,2,7,5,2,2,3,3,4,6,6,26,27,15,26,77,55,132
16000,Cheb-Otsego-Presque Isle ESD,0,0,0,0,10,0,0,0,0,0,0,0,0,0,0,0,0,0,10,0,0,0,0,0,0,0,0,0,0,1,1,1,3,4,10,0,10
16015,Cheboygan Area Schools,20,0,16,10,954,8,10,17,0,11,8,965,5,5,37,0,27,18,1919,13,15,141,133,124,136,125,128,132,171,166,183,178,218,194,1018,1011,2029
16050,Inland Lakes Schools,15,2,7,2,456,2,0,9,3,9,1,443,1,0,24,5,16,3,899,3,0,82,58,66,81,85,74,69,67,69,93,68,69,69,484,466,950
16070,Mackinaw City Public Schools,1,0,2,0,69,0,13,1,0,1,0,96,0,6,2,0,3,0,165,0,19,10,8,15,15,18,13,18,16,14,18,12,12,20,85,104,189
16100,Wolverine Community Schools,10,1,1,2,168,3,0,9,2,2,1,132,4,0,19,3,3,3,300,7,0,28,27,25,25,25,28,22,30,26,22,26,23,28,185,150,335
17010,Sault Ste. Marie Area Schools,411,14,17,2,808,6,1,372,9,9,2,735,11,0,783,23,26,4,1543,17,1,200,141,115,156,124,149,172,208,183,248,231,214,256,1259,1138,2397
17050,DeTour Area Schools,32,1,0,1,73,2,0,27,0,0,1,68,0,0,59,1,0,2,141,2,0,11,16,18,15,14,16,14,18,14,13,25,15,16,109,96,205
17090,Pickford Public Schools,52,5,1,0,263,6,0,33,0,1,1,235,2,1,85,5,2,1,498,8,1,37,34,22,23,38,34,26,44,51,43,67,59,122,327,273,600
17110,Rudyard Area Schools,128,5,10,2,316,4,0,113,5,8,0,296,9,0,241,10,18,2,612,13,0,82,80,67,75,67,77,65,62,60,82,69,59,51,465,431,896
17140,Brimley Area Schools,144,3,5,2,103,0,2,143,5,5,0,98,1,2,287,8,10,2,201,1,4,50,35,43,38,32,42,35,40,39,47,44,33,35,259,254,513
17160,Whitefish Township Schools,0,0,0,0,25,0,0,0,0,0,0,25,0,0,0,0,0,0,50,0,0,1,6,3,5,6,3,4,5,2,2,3,8,2,25,25,50
17901,Joseph K. Lumsden Bahweting Anishnabe Academy,154,1,0,0,85,0,2,159,0,0,0,71,0,0,313,1,0,0,156,0,2,66,64,60,63,60,61,32,33,33,0,0,0,0,242,230,472
17902,Ojibwe Charter School,43,0,0,0,8,0,0,52,0,1,0,2,0,0,95,0,1,0,10,0,0,8,4,12,6,10,11,12,3,8,12,8,6,6,51,55,106
18010,Clare Public Schools,4,8,10,1,764,10,2,3,3,5,0,723,11,2,7,11,15,1,1487,21,4,131,91,131,92,98,101,101,118,110,162,155,150,106,799,747,1546
18020,Farwell Area Schools,12,2,7,0,748,10,0,7,1,2,0,702,9,0,19,3,9,0,1450,19,0,106,95,88,120,112,93,125,111,140,118,126,115,151,779,721,1500
18060,Harrison Community Schools,5,2,18,0,836,5,0,8,3,6,0,760,6,0,13,5,24,0,1596,11,0,121,123,113,100,120,123,136,123,136,131,160,124,139,866,783,1649
19000,Clinton County RESA,1,1,30,0,51,2,0,0,0,1,0,12,0,0,1,1,31,0,63,2,0,0,1,1,1,1,4,8,5,8,17,22,12,18,85,13,98
19010,DeWitt Public Schools,13,24,32,0,1378,54,32,6,19,30,0,1307,50,45,19,43,62,0,2685,104,77,237,193,221,226,277,209,223,210,269,233,222,244,226,1533,1457,2990
19070,Fowler Public Schools,0,3,0,0,257,2,0,0,6,0,0,255,2,2,0,9,0,0,512,4,2,76,46,41,39,30,31,30,30,26,52,34,43,49,262,265,527
19100,Bath Community Schools,0,6,11,0,450,17,1,3,10,16,0,438,13,3,3,16,27,0,888,30,4,87,67,70,86,56,62,74,65,76,86,69,86,84,485,483,968
19120,Ovid-Elsie Area Schools,5,2,5,9,878,26,1,2,1,5,12,836,24,1,7,3,10,21,1714,50,2,181,103,121,120,114,128,128,136,149,148,146,149,184,926,881,1807
19125,Pewamo-Westphalia Community Schools,1,1,0,0,333,7,0,0,1,0,0,309,5,0,1,2,0,0,642,12,0,106,39,18,16,17,14,20,66,64,72,89,83,53,342,315,657
19140,St. Johns Public Schools,5,10,20,0,1543,46,79,13,6,13,0,1372,41,93,18,16,33,0,2915,87,172,225,212,215,203,207,235,247,257,286,266,290,275,323,1703,1538,3241
20015,Crawford AuSable Schools,5,8,15,0,871,11,1,4,9,25,2,834,7,1,9,17,40,2,1705,18,2,127,138,104,132,126,136,107,137,158,145,168,156,159,911,882,1793
21010,Escanaba Area Public Schools,66,7,8,1,1283,10,12,59,13,5,0,1215,6,8,125,20,13,1,2498,16,20,302,171,209,196,174,191,191,158,200,199,219,235,248,1387,1306,2693
21025,Gladstone Area Schools,40,3,5,0,782,2,0,33,2,3,0,711,3,1,73,5,8,0,1493,5,1,151,113,117,96,127,117,115,117,125,109,168,110,120,832,753,1585
21060,Rapid River Public Schools,6,0,1,0,201,0,0,7,1,1,0,175,0,0,13,1,2,0,376,0,0,32,28,30,27,35,26,29,28,28,36,36,29,28,208,184,392
21065,Big Bay De Noc School District,33,1,0,0,99,0,1,21,2,0,0,91,0,0,54,3,0,0,190,0,1,15,9,11,21,14,17,17,22,22,22,21,33,24,134,114,248
21090,Bark River-Harris School District,33,3,2,0,302,1,0,31,1,0,0,282,0,0,64,4,2,0,584,1,0,56,53,47,52,49,56,53,56,50,47,53,37,46,341,314,655
21135,Mid Peninsula School District,1,0,0,0,115,0,1,0,0,0,0,116,0,0,1,0,0,0,231,0,1,21,15,19,8,16,15,18,16,22,26,16,20,21,117,116,233
22000,Dickinson-Iron ISD,0,0,0,0,2,0,0,0,0,0,0,1,0,0,0,0,0,0,3,0,0,1,0,2,0,0,0,0,0,0,0,0,0,0,2,1,3
22010,Iron Mountain Public Schools,3,6,2,0,644,6,10,5,12,5,0,582,2,9,8,18,7,0,1226,8,19,98,73,75,84,84,78,91,89,80,119,123,129,163,671,615,1286
22025,Norway-Vulcan Area Schools,0,0,3,1,419,2,1,0,3,3,0,359,3,3,0,3,6,1,778,5,4,73,49,59,55,47,60,59,71,57,65,64,76,62,426,371,797
22030,Breitung Township Schools,6,5,4,1,849,4,0,1,13,4,3,823,4,0,7,18,8,4,1672,8,0,140,122,113,119,105,122,122,141,113,158,135,159,168,869,848,1717
22045,North Dickinson County Schools,2,2,1,0,148,3,1,5,3,1,0,160,0,0,7,5,2,0,308,3,1,21,9,17,26,17,31,22,28,29,22,29,46,29,157,169,326
23000,Eaton ISD,0,0,0,0,1,0,0,0,0,0,0,1,0,0,0,0,0,0,2,0,0,0,0,0,0,0,0,0,0,0,1,0,0,1,1,1,2
23010,Bellevue Community Schools,3,0,6,0,359,3,0,2,3,6,0,282,4,0,5,3,12,0,641,7,0,61,42,38,54,55,45,46,49,53,55,43,67,60,371,297,668
23030,Charlotte Public Schools,0,11,31,1,1447,63,0,0,9,18,2,1426,59,0,0,20,49,3,2873,122,0,191,241,203,218,221,213,249,237,271,238,290,279,216,1553,1514,3067
23050,Eaton Rapids Public Schools,4,19,22,2,1356,58,0,5,11,11,2,1285,52,0,9,30,33,4,2641,110,0,195,159,194,189,190,184,199,213,241,254,241,260,308,1461,1366,2827
23060,Grand Ledge Public Schools,17,67,149,26,2396,90,0,18,54,95,10,2256,98,0,35,121,244,36,4652,188,0,421,341,392,377,387,412,362,414,412,426,412,426,494,2745,2531,5276
23065,Maple Valley Schools,2,3,4,1,678,16,6,3,9,7,1,619,14,12,5,12,11,2,1297,30,18,89,87,94,91,100,91,100,92,107,126,104,128,166,710,665,1375
23080,Olivet Community Schools,1,3,5,0,714,25,0,2,5,6,0,729,22,0,3,8,11,0,1443,47,0,107,112,104,116,121,114,107,114,126,137,134,110,110,748,764,1512
23090,Potterville Public Schools,1,5,19,0,438,26,0,3,10,25,1,387,26,0,4,15,44,1,825,52,0,93,60,74,69,68,52,74,75,73,84,86,78,55,489,452,941
23490,Oneida Township S/D #3,0,0,0,0,15,0,0,0,0,0,0,8,0,0,0,0,0,0,23,0,0,5,1,4,6,3,4,0,0,0,0,0,0,0,15,8,23
23901,Island City Academy,0,1,2,1,75,4,0,1,2,3,1,106,8,0,1,3,5,2,181,12,0,26,24,25,25,26,22,19,21,16,0,0,0,0,83,121,204
24020,Harbor Springs School District,37,6,1,1,473,9,2,33,5,2,1,446,8,0,70,11,3,2,919,17,2,73,78,73,71,71,81,79,88,82,79,77,89,83,529,495,1024
24030,Alanson Public Schools,28,0,2,0,142,3,2,25,1,3,0,126,1,1,53,1,5,0,268,4,3,33,31,27,35,25,26,28,13,19,23,22,24,28,177,157,334
24040,Pellston Public Schools,48,1,9,3,293,0,5,31,1,3,0,282,0,8,79,2,12,3,575,0,13,46,55,55,47,43,54,50,51,58,64,68,45,48,359,325,684
24070,Public Schools of Petoskey,77,11,15,5,1413,11,3,86,10,13,5,1278,9,7,163,21,28,10,2691,20,10,219,208,202,195,203,182,237,224,232,269,251,249,272,1535,1408,2943
24901,Concord Academy - Petoskey,2,0,1,0,130,1,0,0,3,0,0,183,0,0,2,3,1,0,313,1,0,20,33,22,34,26,36,17,32,23,25,20,16,16,134,186,320
25000,Genesee ISD,0,1,2,0,32,0,1,0,0,2,0,21,0,0,0,1,4,0,53,0,1,1,0,2,6,6,5,11,6,4,6,3,5,4,36,23,59
25010,Flint City School District,27,21,5127,4,1073,152,14,24,11,5021,3,1018,159,14,51,32,10148,7,2091,311,28,1105,950,879,877,923,932,833,748,741,1564,1298,958,860,6418,6250,12668
25030,Grand Blanc Community Schools,9,111,513,6,3498,59,308,10,117,507,5,3213,49,268,19,228,1020,11,6711,108,576,771,610,666,658,662,680,653,668,636,717,734,594,624,4504,4169,8673
25040,Mt. Morris Consolidated Schools,12,2,530,0,1020,36,41,13,3,355,1,918,27,47,25,5,885,1,1938,63,88,172,182,165,154,162,157,177,180,222,452,455,291,236,1641,1364,3005
25050,Goodrich Area Schools,0,15,6,0,1115,9,2,1,16,4,0,1004,17,3,1,31,10,0,2119,26,5,148,148,141,144,173,177,183,172,176,174,184,201,171,1147,1045,2192
25060,Bendle Public Schools,6,2,124,6,657,23,29,4,0,122,5,626,25,42,10,2,246,11,1283,48,71,87,104,77,88,93,75,108,89,102,142,209,201,296,847,824,1671
25070,Genesee School District,2,0,21,1,361,13,3,2,1,13,0,333,15,2,4,1,34,1,694,28,5,49,44,38,47,48,47,50,69,71,96,72,61,75,401,366,767
25080,Carman-Ainsworth Community Schools,98,28,947,3,1159,56,94,111,24,966,1,1101,54,97,209,52,1913,4,2260,110,191,355,318,320,350,280,377,337,375,417,412,401,400,397,2385,2354,4739
25100,Fenton Area Public Schools,5,15,10,1,1759,19,15,2,10,10,2,1657,23,11,7,25,20,3,3416,42,26,309,232,231,232,251,248,260,239,290,356,336,277,278,1824,1715,3539
25110,Kearsley Community Schools,18,9,104,0,1586,53,2,14,12,111,0,1444,41,1,32,21,215,0,3030,94,3,220,224,210,202,231,266,257,275,267,311,296,300,336,1772,1623,3395
25120,Flushing Community Schools,11,19,132,1,1962,30,41,12,16,155,1,1909,27,55,23,35,287,2,3871,57,96,322,280,314,300,278,341,312,333,314,379,378,420,400,2196,2175,4371
25130,Atherton Community Schools,6,3,68,0,392,17,14,7,4,42,0,384,20,21,13,7,110,0,776,37,35,81,58,67,77,64,70,81,69,79,88,80,85,79,500,478,978
25140,Davison Community Schools,45,16,76,4,2474,103,63,47,21,50,3,2579,81,45,92,37,126,7,5053,184,108,455,450,398,387,431,438,426,424,431,501,432,396,438,2781,2826,5607
25150,Clio Area School District,7,4,21,1,1757,35,13,4,7,28,1,1539,33,18,11,11,49,2,3296,68,31,280,228,235,262,276,247,256,259,264,282,296,295,288,1838,1630,3468
25180,Swartz Creek Community Schools,19,14,92,2,1832,36,52,19,15,88,0,1729,46,60,38,29,180,2,3561,82,112,293,287,280,281,310,281,325,310,317,329,311,335,345,2047,1957,4004
25200,Lake Fenton Community Schools,7,10,12,2,906,7,2,6,7,6,2,830,15,4,13,17,18,4,1736,22,6,169,139,143,137,134,132,136,147,139,167,128,123,122,946,870,1816
25210,Westwood Heights Schools,7,1,364,0,91,5,9,2,1,411,1,90,5,6,9,2,775,1,181,10,15,69,78,67,68,69,74,59,90,95,102,80,76,66,477,516,993
25230,Bentley Community Schools,2,3,19,2,425,14,12,5,5,20,0,360,11,22,7,8,39,2,785,25,34,76,62,55,70,57,53,54,70,70,80,91,77,85,477,423,900
25240,Beecher Community School District,2,0,763,0,61,9,24,2,1,751,0,68,8,22,4,1,1514,0,129,17,46,151,146,120,116,105,117,112,123,107,229,150,108,127,859,852,1711
25250,Linden Community Schools,8,16,3,0,1500,29,29,7,11,8,0,1364,26,30,15,27,11,0,2864,55,59,233,240,220,226,255,224,242,246,244,240,212,213,236,1585,1446,3031
25260,Montrose Community Schools,14,2,20,2,717,26,0,12,0,18,2,691,25,0,26,2,38,4,1408,51,0,84,112,105,108,116,109,116,124,111,140,134,148,122,781,748,1529
25280,LakeVille Community Schools,2,1,23,0,837,12,2,2,3,9,1,815,10,0,4,4,32,1,1652,22,2,123,102,102,97,122,134,127,129,134,141,153,191,162,877,840,1717
25902,Woodland Park Academy,3,0,76,3,121,6,3,4,5,67,3,122,5,4,7,5,143,6,243,11,7,41,48,46,49,51,47,48,50,42,0,0,0,0,212,210,422
25903,Grand Blanc Academy,1,0,124,0,108,1,4,0,0,130,2,89,1,11,1,0,254,2,197,2,15,65,64,59,48,47,54,47,45,42,0,0,0,0,238,233,471
25904,Northridge Academy,0,0,129,0,0,0,0,0,0,135,0,0,0,0,0,0,264,0,0,0,0,29,22,33,29,36,23,24,39,29,0,0,0,0,129,135,264
25905,International Academy of Flint,0,7,463,0,74,2,39,0,1,470,0,81,2,41,0,8,933,0,155,4,80,103,110,111,115,90,83,92,92,87,131,97,49,20,585,595,1180
25906,Center Academy,0,0,234,0,8,2,5,1,3,216,0,15,3,4,1,3,450,0,23,5,9,58,59,38,66,56,51,46,62,55,0,0,0,0,249,242,491
25907,Linden Charter Academy,1,0,361,0,19,1,0,0,0,364,0,25,1,0,1,0,725,0,44,2,0,80,88,87,91,87,83,82,88,86,0,0,0,0,382,390,772
25908,Academy of Flint,2,0,260,0,1,1,0,1,0,295,0,2,1,1,3,0,555,0,3,2,1,56,59,52,74,59,70,73,67,54,0,0,0,0,264,300,564
25909,Burton Glen Charter Academy,1,0,156,0,208,13,0,3,2,157,1,219,9,0,4,2,313,1,427,22,0,109,84,75,86,85,84,78,83,85,0,0,0,0,378,391,769
25910,Richfield Public School Academy,8,0,79,0,182,42,1,4,1,85,0,153,48,0,12,1,164,0,335,90,1,75,74,70,70,71,75,72,50,46,0,0,0,0,312,291,603
25911,Madison Academy,2,2,69,0,153,7,6,2,1,74,0,178,10,13,4,3,143,0,331,17,19,63,48,51,44,44,49,47,47,24,48,52,0,0,239,278,517
26010,Beaverton Rural Schools,10,2,13,1,682,10,0,9,2,11,0,627,3,0,19,4,24,1,1309,13,0,105,93,82,97,118,118,96,115,91,100,113,149,93,718,652,1370
26040,Gladwin Community Schools,6,11,8,1,931,9,8,5,6,2,1,870,8,9,11,17,10,2,1801,17,17,140,126,115,131,165,133,146,134,133,181,144,170,157,974,901,1875
26901,Creative Learning Academy of Science,0,0,0,0,38,0,0,0,1,1,0,24,0,0,0,1,1,0,62,0,0,9,5,9,6,12,4,4,10,5,0,0,0,0,38,26,64
27010,Bessemer Area School District,4,0,7,0,229,2,0,4,0,6,0,201,2,0,8,0,13,0,430,4,0,39,26,30,40,26,26,25,44,45,28,44,46,36,242,213,455
27020,Ironwood Area Schools,2,0,1,0,500,3,5,1,1,1,1,471,1,5,3,1,2,1,971,4,10,76,57,63,55,71,80,76,71,71,102,89,79,102,511,481,992
27070,Wakefield-Marenisco School District,0,0,0,1,151,1,0,1,0,0,0,127,0,0,1,0,0,1,278,1,0,37,25,15,15,20,21,32,18,20,24,14,21,19,153,128,281
27080,Watersmeet Township School District,36,0,0,0,47,0,0,46,0,0,0,41,0,0,82,0,0,0,88,0,0,15,12,7,8,10,13,11,21,15,12,19,12,15,83,87,170
28000,Traverse Bay Area ISD,5,0,3,0,43,1,0,0,0,0,0,9,0,0,5,0,3,0,52,1,0,0,0,2,2,7,8,10,7,5,7,10,1,2,52,9,61
28010,Traverse City Area Public Schools,126,55,45,0,4770,134,0,91,76,40,0,4496,126,0,217,131,85,0,9266,260,0,793,698,690,678,719,684,711,740,710,795,873,872,996,5130,4829,9959
28035,Buckley Community School District,0,0,0,0,209,1,8,1,0,1,3,169,0,4,1,0,1,3,378,1,12,36,26,25,24,31,34,33,34,30,38,18,34,33,218,178,396
28090,Kingsley Area Schools,11,3,13,2,719,14,0,10,2,13,0,705,11,3,21,5,26,2,1424,25,3,111,86,89,119,127,109,115,129,132,128,123,117,121,762,744,1506
28901,Woodland School,0,0,1,0,103,0,4,1,0,1,0,96,1,0,1,0,2,0,199,1,4,24,21,23,22,27,24,26,20,20,0,0,0,0,108,99,207
28902,Grand Traverse Academy,7,6,9,0,488,10,0,9,9,11,1,546,15,0,16,15,20,1,1034,25,0,100,112,128,115,118,104,112,82,67,70,46,36,21,520,591,1111
28903,Traverse City College Preparatory Academy,0,0,1,0,37,0,0,0,0,2,0,31,0,0,0,0,3,0,68,0,0,0,0,0,0,0,0,0,0,0,21,12,26,12,38,33,71
29000,Gratiot-Isabella RESD,0,0,0,0,20,1,0,0,0,0,0,15,0,0,0,0,0,0,35,1,0,13,8,2,1,2,2,0,1,1,4,0,0,2,21,15,36
29010,Alma Public Schools,10,2,13,1,1054,101,4,9,8,13,1,979,84,1,19,10,26,2,2033,185,5,200,167,162,189,156,147,172,168,158,184,210,198,169,1185,1095,2280
29020,Ashley Community Schools,0,0,2,0,208,6,1,1,2,1,0,162,0,0,1,2,3,0,370,6,1,24,25,32,28,28,25,26,27,25,35,34,34,40,217,166,383
29040,Breckenridge Community Schools,0,1,3,0,447,21,0,1,0,4,0,367,12,0,1,1,7,0,814,33,0,68,49,69,66,71,66,61,69,68,57,68,66,78,472,384,856
29050,Fulton Schools,0,0,2,0,478,72,8,1,2,1,0,427,21,1,1,2,3,0,905,93,9,67,52,49,46,61,53,49,59,59,54,185,63,216,560,453,1013
29060,Ithaca Public Schools,3,0,7,0,638,62,2,5,0,4,0,578,43,8,8,0,11,0,1216,105,10,112,103,84,115,89,111,103,107,102,114,102,113,95,712,638,1350
29100,St. Louis Public Schools,0,2,12,0,534,39,0,0,3,8,0,570,47,0,0,5,20,0,1104,86,0,95,92,78,101,95,87,95,104,96,93,85,107,87,587,628,1215
30000,Hillsdale ISD,0,0,17,0,72,1,0,0,0,17,0,39,0,0,0,0,34,0,111,1,0,5,1,1,1,6,1,10,12,15,20,29,29,16,90,56,146
30010,Camden-Frontier Schools,0,0,1,0,289,0,0,0,0,1,0,278,1,0,0,0,2,0,567,1,0,68,41,53,45,50,41,40,35,42,47,40,36,32,290,280,570
30020,Hillsdale Community Schools,0,5,18,1,887,23,0,0,9,16,2,791,16,0,0,14,34,3,1678,39,0,137,120,137,124,146,138,130,130,131,116,163,139,157,934,834,1768
30030,Jonesville Community Schools,3,4,11,0,681,25,0,4,8,9,0,671,12,0,7,12,20,0,1352,37,0,151,132,107,84,117,114,86,86,105,105,112,119,110,724,704,1428
30040,Litchfield Community Schools,2,0,3,0,183,5,0,1,0,1,0,146,0,0,3,0,4,0,329,5,0,22,22,22,17,26,20,23,28,24,39,34,36,28,193,148,341
30050,North Adams-Jerome Schools,2,5,5,0,218,0,1,1,2,1,0,230,0,2,3,7,6,0,448,0,3,34,25,33,30,37,38,33,44,39,41,46,29,38,231,236,467
30060,Pittsford Area Schools,1,0,4,0,324,2,0,0,2,4,0,322,1,0,1,2,8,0,646,3,0,34,38,43,53,56,52,44,53,54,60,54,57,62,331,329,660
30070,Reading Community Schools,1,4,5,0,470,5,0,1,2,3,0,401,3,0,2,6,8,0,871,8,0,80,61,56,61,63,66,65,62,59,81,97,80,64,485,410,895
30080,Waldron Area Schools,0,0,3,0,166,0,0,0,0,4,0,164,0,0,0,0,7,0,330,0,0,33,16,20,26,19,24,27,25,26,28,28,30,35,169,168,337
30901,Hillsdale Preparatory School,0,0,1,0,27,0,0,0,0,2,0,39,2,0,0,0,3,0,66,2,0,13,14,16,7,8,8,3,1,1,0,0,0,0,28,43,71
30902,Will Carleton Charter School Academy,1,1,2,0,117,0,0,1,1,1,0,135,1,0,2,2,3,0,252,1,0,33,23,22,22,22,21,21,21,22,23,12,9,9,121,139,260
31000,Copper Country ISD,0,0,0,0,18,0,0,0,1,0,0,18,0,0,0,1,0,0,36,0,0,2,3,3,0,4,2,2,2,1,6,6,4,2,18,19,37
31010,Hancock Public Schools,0,3,2,0,434,2,0,3,0,3,0,409,1,0,3,3,5,0,843,3,0,93,63,71,58,59,71,63,66,68,62,55,64,64,441,416,857
31020,Adams Township School District,2,1,2,0,238,0,0,0,1,1,0,185,0,0,2,2,3,0,423,0,0,36,30,33,28,32,37,27,27,34,37,42,33,34,243,187,430
31030,Public Schools of Calumet,2,1,2,0,774,3,0,6,1,3,3,752,3,0,8,2,5,3,1526,6,0,129,133,116,117,111,112,120,114,129,96,119,104,150,782,768,1550
31050,Chassell Township School District,0,1,0,0,142,0,2,0,0,1,0,124,0,0,0,1,1,0,266,0,2,32,23,23,23,17,21,13,18,15,19,18,28,20,145,125,270
31070,Elm River Township School District,0,0,0,0,9,0,0,0,0,0,0,7,0,0,0,0,0,0,16,0,0,2,2,3,2,2,4,1,0,0,0,0,0,0,9,7,16
31100,Dollar Bay-Tamarack City Area Schools,0,0,2,0,146,0,0,0,0,1,1,147,0,1,0,0,3,1,293,0,1,24,21,15,24,25,24,24,23,18,22,19,28,31,148,150,298
31110,Houghton-Portage Township Schools,3,14,8,2,655,2,1,7,41,4,0,565,4,0,10,55,12,2,1220,6,1,122,101,83,78,98,99,104,106,92,116,95,105,107,685,621,1306
31130,Lake Linden-Hubbell School District,0,0,3,0,271,1,0,0,1,4,0,227,0,0,0,1,7,0,498,1,0,28,36,36,40,42,41,39,42,37,48,32,44,42,275,232,507
31140,Stanton Township Public Schools,0,0,0,0,69,0,1,0,0,0,0,72,0,0,0,0,0,0,141,0,1,20,22,22,13,17,7,11,18,12,0,0,0,0,70,72,142
32000,Huron ISD,0,0,1,0,53,2,1,0,0,0,0,23,0,0,0,0,1,0,76,2,1,4,4,2,8,4,3,8,5,7,11,6,11,7,57,23,80
32010,Bad Axe Public Schools,3,8,4,0,599,7,0,5,18,6,0,585,11,1,8,26,10,0,1184,18,1,99,87,85,78,89,90,96,82,94,113,109,96,129,621,626,1247
32030,Caseville Public Schools,0,0,0,0,130,0,3,0,0,0,0,131,0,3,0,0,0,0,261,0,6,22,19,23,14,19,22,22,14,25,27,20,23,17,133,134,267
32040,Church School District,0,0,0,0,11,0,0,0,0,0,0,15,0,0,0,0,0,0,26,0,0,3,3,1,3,2,2,3,4,5,0,0,0,0,11,15,26
32050,Elkton-Pigeon-Bay Port Laker Schools,0,2,12,0,475,15,0,1,4,8,0,440,21,1,1,6,20,0,915,36,1,85,60,59,70,71,59,73,88,68,74,94,83,95,504,475,979
32060,Harbor Beach Community Schools,0,3,4,0,311,2,0,0,3,2,2,247,4,0,0,6,6,2,558,6,0,23,25,26,21,40,39,46,31,47,65,61,74,80,320,258,578
32080,North Huron School District,2,3,1,1,214,2,0,6,1,2,0,199,4,0,8,4,3,1,413,6,0,24,32,30,28,41,32,35,35,35,31,37,41,34,223,212,435
32090,Owendale-Gagetown Area Schools,0,0,1,0,111,1,2,0,0,1,0,93,6,2,0,0,2,0,204,7,4,13,15,14,21,15,11,20,12,11,23,27,16,19,115,102,217
32130,Port Hope Community Schools,1,0,0,0,42,3,0,0,0,0,0,32,4,0,1,0,0,0,74,7,0,7,5,3,6,5,2,5,4,2,9,8,10,16,46,36,82
32170,Ubly Community Schools,0,1,1,0,385,2,2,0,1,2,0,409,1,1,0,2,3,0,794,3,3,57,44,56,65,64,61,61,77,51,76,69,57,67,391,414,805
32260,Colfax Township S/D #1F,1,0,0,0,11,0,0,1,0,0,0,11,0,0,2,0,0,0,22,0,0,4,1,4,3,2,4,3,3,0,0,0,0,0,12,12,24
32610,Sigel Township S/D #3F,0,0,0,0,9,0,0,0,0,0,0,9,0,0,0,0,0,0,18,0,0,0,2,1,3,4,3,3,2,0,0,0,0,0,9,9,18
32620,Sigel Township S/D #4F,0,0,0,0,9,0,0,0,0,0,0,7,0,0,0,0,0,0,16,0,0,1,0,2,2,3,2,1,2,3,0,0,0,0,9,7,16
32630,Sigel Township S/D #6,0,0,0,0,5,0,0,0,0,0,0,6,0,0,0,0,0,0,11,0,0,0,1,0,2,2,0,3,3,0,0,0,0,0,5,6,11
32650,Verona Township S/D #1F,0,0,0,0,12,0,0,0,0,0,0,11,0,0,0,0,0,0,23,0,0,2,2,1,2,4,1,3,6,2,0,0,0,0,12,11,23
33000,Ingham ISD,1,0,38,0,39,4,0,0,0,8,0,15,1,0,1,0,46,0,54,5,0,0,0,1,3,2,5,9,7,11,17,18,23,10,82,24,106
33010,East Lansing School District,21,182,366,5,1062,88,12,21,195,337,3,1029,103,9,42,377,703,8,2091,191,21,307,266,248,221,224,256,237,264,269,307,292,285,257,1736,1697,3433
33020,Lansing Public School District,101,391,3260,5,2253,1103,0,100,392,3004,5,2065,1022,0,201,783,6264,10,4318,2125,0,1299,1259,1075,1075,1028,986,1010,949,967,1396,1071,876,710,7113,6588,13701
33040,Dansville Schools,0,0,2,0,467,10,1,0,2,4,1,413,6,1,0,2,6,1,880,16,2,62,55,63,62,74,71,60,81,76,74,81,70,78,480,427,907
33060,Haslett Public Schools,7,63,57,0,1214,56,0,7,58,54,1,1140,49,0,14,121,111,1,2354,105,0,185,211,180,198,208,178,214,203,221,229,224,207,248,1397,1309,2706
33070,Holt Public Schools,11,93,328,1,2267,204,118,12,82,312,4,2213,163,100,23,175,640,5,4480,367,218,406,383,396,415,416,443,475,481,456,493,503,516,525,3022,2886,5908
33100,Leslie Public Schools,3,0,5,0,669,10,2,0,0,5,1,681,8,2,3,0,10,1,1350,18,4,98,77,110,95,104,109,84,128,114,142,119,92,114,689,697,1386
33130,Mason Public Schools (Ingham),7,15,20,0,1379,59,46,5,17,21,0,1357,48,56,12,32,41,0,2736,107,102,226,216,182,194,199,214,230,240,261,240,275,273,280,1526,1504,3030
33170,Okemos Public Schools,10,352,182,0,1462,59,13,5,332,151,5,1342,73,17,15,684,333,5,2804,132,30,270,249,266,304,303,287,295,309,325,336,343,357,359,2078,1925,4003
33200,Stockbridge Community Schools,0,2,2,2,847,30,0,1,4,6,2,744,23,1,1,6,8,4,1591,53,1,120,119,100,127,140,144,120,117,127,143,132,145,130,883,781,1664
33215,Waverly Community Schools,6,72,437,1,719,221,90,7,63,410,1,649,213,85,13,135,847,2,1368,434,175,180,182,208,179,203,219,262,252,238,264,258,264,265,1546,1428,2974
33220,Webberville Community Schools,0,2,5,0,361,7,0,0,2,5,1,278,3,0,0,4,10,1,639,10,0,65,48,47,55,53,47,39,51,49,50,48,61,51,375,289,664
33230,Williamston Community Schools,3,11,15,2,874,20,0,5,19,21,0,891,23,0,8,30,36,2,1765,43,0,134,124,118,106,123,150,165,146,145,155,157,161,200,925,959,1884
33901,Cole Academy,0,3,32,1,34,5,5,0,0,24,0,14,9,5,0,3,56,1,48,14,10,21,25,19,27,18,10,12,0,0,0,0,0,0,80,52,132
33902,El-Hajj Malik El-Shabazz Academy,0,0,150,0,0,0,0,0,0,149,0,0,0,0,0,0,299,0,0,0,0,70,45,53,30,39,41,21,0,0,0,0,0,0,150,149,299
33904,Mid-Michigan Leadership Academy,2,1,44,0,27,29,0,2,0,48,0,17,26,0,4,1,92,0,44,55,0,29,25,22,20,28,21,18,17,16,0,0,0,0,103,93,196
33906,White Pine Academy,0,0,0,0,86,0,3,0,0,0,0,67,0,3,0,0,0,0,153,0,6,22,26,26,18,23,18,15,7,4,0,0,0,0,89,70,159
33907,Capital Area Academy,2,0,56,0,34,25,1,0,1,32,0,31,15,1,2,1,88,0,65,40,2,26,17,28,12,20,23,28,22,22,0,0,0,0,118,80,198
33908,New City Academy,0,0,50,0,8,6,0,0,0,50,0,4,6,0,0,0,100,0,12,12,0,14,10,11,8,10,13,13,23,22,0,0,0,0,64,60,124
33909,Windemere Park Charter Academy,1,8,120,0,169,42,0,4,11,127,1,153,44,0,5,19,247,1,322,86,0,107,80,73,76,75,77,66,61,65,0,0,0,0,340,340,680
33910,Lansing Charter Academy,0,0,100,0,46,3,0,0,1,82,0,43,10,0,0,1,182,0,89,13,0,75,51,40,49,34,36,0,0,0,0,0,0,0,149,136,285
34000,Ionia ISD,0,0,0,0,15,0,1,0,0,0,0,3,0,0,0,0,0,0,18,0,1,0,0,0,0,0,1,2,4,1,1,5,3,2,16,3,19
34010,Ionia Public Schools,6,5,13,1,1399,76,63,8,9,8,1,1345,85,74,14,14,21,2,2744,161,137,300,220,219,223,204,217,228,246,205,247,261,267,256,1563,1530,3093
34040,Palo Community School District,0,0,0,0,42,3,2,0,0,0,0,30,0,1,0,0,0,0,72,3,3,15,10,13,16,12,8,4,0,0,0,0,0,0,47,31,78
34080,Belding Area School District,3,4,6,2,1031,88,19,2,8,4,1,978,77,18,5,12,10,3,2009,165,37,188,141,159,171,163,162,167,163,199,164,203,163,198,1153,1088,2241
34090,Lakewood Public Schools,7,9,11,1,997,40,20,5,9,11,0,946,46,23,12,18,22,1,1943,86,43,186,133,147,142,155,159,164,155,192,182,165,180,165,1085,1040,2125
34110,Portland Public School District,2,5,5,0,1053,13,0,1,2,11,0,973,7,0,3,7,16,0,2026,20,0,224,143,146,147,149,138,161,152,149,147,156,193,167,1078,994,2072
34120,Saranac Community Schools,2,1,2,0,555,18,4,0,2,2,0,526,12,3,2,3,4,0,1081,30,7,94,80,84,86,77,99,80,89,86,103,80,80,89,582,545,1127
34140,Berlin Township S/D #3,0,0,0,0,16,0,0,0,0,0,0,19,0,0,0,0,0,0,35,0,0,0,4,4,6,5,5,7,2,2,0,0,0,0,16,19,35
34340,Easton Township S/D #6,0,0,0,0,12,0,0,0,0,0,0,17,0,2,0,0,0,0,29,0,2,7,5,6,6,5,2,0,0,0,0,0,0,0,12,19,31
34360,Ionia Township S/D #2,0,0,0,0,6,0,0,0,1,0,0,3,0,0,0,1,0,0,9,0,0,3,2,3,1,1,0,0,0,0,0,0,0,0,6,4,10
35000,Iosco RESA,0,0,0,0,4,0,0,0,0,0,0,0,0,0,0,0,0,0,4,0,0,0,0,0,0,0,1,1,0,1,0,0,1,0,4,0,4
35010,Oscoda Area Schools,8,10,15,3,660,14,4,4,4,17,5,595,14,1,12,14,32,8,1255,28,5,88,90,80,101,102,110,114,100,105,117,107,114,126,714,640,1354
35020,Hale Area Schools,3,0,2,0,332,7,9,2,0,2,0,276,0,9,5,0,4,0,608,7,18,54,47,46,46,40,40,53,55,51,52,51,46,61,353,289,642
35030,Tawas Area Schools,7,2,2,3,676,8,0,4,6,10,2,655,7,1,11,8,12,5,1331,15,1,98,83,92,104,91,94,93,107,115,110,127,122,147,698,685,1383
35040,Whittemore-Prescott Area Schools,5,4,10,0,517,10,0,2,2,4,0,501,7,0,7,6,14,0,1018,17,0,99,86,78,72,79,67,72,75,83,91,90,81,89,546,516,1062
35901,Sunrise Education Center,1,0,0,0,30,0,3,0,0,0,0,20,0,1,1,0,0,0,50,0,4,10,6,7,7,4,11,5,3,2,0,0,0,0,34,21,55
36015,Forest Park School District,3,1,1,0,284,2,0,2,1,1,0,252,3,0,5,2,2,0,536,5,0,50,23,27,33,36,45,46,31,48,45,60,54,52,291,259,550
36025,West Iron County Public Schools,8,5,3,0,437,8,0,8,2,0,0,441,7,2,16,7,3,0,878,15,2,81,80,68,65,54,68,77,65,91,61,80,58,73,461,460,921
37010,Mt. Pleasant City School District,235,45,46,6,1407,65,22,190,44,58,5,1384,38,27,425,89,104,11,2791,103,49,280,254,248,249,269,245,253,253,284,290,320,297,330,1826,1746,3572
37040,Beal City Public Schools,12,3,4,1,351,5,0,8,0,2,2,309,3,0,20,3,6,3,660,8,0,76,34,42,47,33,41,42,80,55,48,57,76,69,376,324,700
37060,Shepherd Public School District,40,1,13,2,796,13,14,40,0,8,0,780,12,14,80,1,21,2,1576,25,28,173,119,115,121,116,146,129,123,122,127,143,134,165,879,854,1733
37901,Renaissance Public School Academy,7,1,16,0,124,7,0,20,0,15,1,126,8,0,27,1,31,1,250,15,0,51,44,46,37,39,38,31,18,21,0,0,0,0,155,170,325
37902,Morey Charter School,6,0,0,0,120,2,0,4,0,2,1,114,2,1,10,0,2,1,234,4,1,30,27,26,14,21,17,20,20,25,11,8,19,14,128,124,252
38000,Jackson ISD,0,0,10,0,39,0,0,0,0,0,0,11,0,0,0,0,10,0,50,0,0,1,0,1,2,5,4,7,4,7,8,8,4,9,49,11,60
38010,Western School District,7,20,49,0,1354,28,1,8,18,31,0,1343,23,2,15,38,80,0,2697,51,3,241,188,166,186,199,209,236,223,216,266,287,266,201,1459,1425,2884
38020,Vandercook Lake Public Schools,0,3,34,3,605,10,10,0,4,19,2,580,13,6,0,7,53,5,1185,23,16,121,95,81,103,87,107,95,94,117,98,84,112,95,665,624,1289
38040,Columbia School District,0,7,11,0,873,18,0,0,10,5,0,758,11,1,0,17,16,0,1631,29,1,108,119,114,105,138,106,124,119,128,145,145,170,173,909,785,1694
38050,Grass Lake Community Schools,3,0,5,1,613,8,8,3,3,9,0,584,8,5,6,3,14,1,1197,16,13,95,98,121,89,86,92,92,100,100,102,103,98,74,638,612,1250
38080,Concord Community Schools,3,0,17,0,423,12,0,3,3,13,0,401,12,0,6,3,30,0,824,24,0,63,61,66,62,71,69,67,69,60,77,74,74,74,455,432,887
38090,East Jackson Community Schools,0,3,7,0,651,3,0,2,3,10,0,636,4,0,2,6,17,0,1287,7,0,112,83,99,94,92,102,106,100,102,129,94,102,104,664,655,1319
38100,Hanover-Horton Schools,3,2,12,0,651,14,1,1,4,7,1,632,8,1,4,6,19,1,1283,22,2,82,97,100,86,91,101,94,120,108,118,128,111,101,683,654,1337
38120,Michigan Center School District,4,4,12,0,713,9,0,5,5,17,0,633,9,0,9,9,29,0,1346,18,0,124,110,87,99,123,99,111,118,114,103,118,110,95,742,669,1411
38130,Napoleon Community Schools,2,0,19,0,800,20,3,0,1,7,0,716,15,1,2,1,26,0,1516,35,4,139,105,99,117,113,110,125,125,134,119,133,122,143,844,740,1584
38140,Northwest Community Schools,6,10,83,0,1368,46,1,8,14,83,1,1326,50,1,14,24,166,1,2694,96,2,255,201,179,210,215,229,208,248,223,291,257,217,264,1514,1483,2997
38150,Springport Public Schools,4,0,7,0,512,1,4,1,2,1,0,493,2,6,5,2,8,0,1005,3,10,95,66,80,71,82,66,74,73,89,100,72,84,81,528,505,1033
38170,Jackson Public Schools,27,53,1157,12,1675,144,76,30,51,1133,9,1510,175,88,57,104,2290,21,3185,319,164,631,463,489,470,421,402,432,432,449,609,519,409,414,3144,2996,6140
38901,Da Vinci Institute,1,3,21,0,151,2,1,0,0,26,0,125,0,2,1,3,47,0,276,2,3,17,15,16,18,12,13,19,20,20,58,42,34,48,179,153,332
38902,Paragon Charter Academy,0,12,59,2,245,14,0,4,9,59,3,219,18,0,4,21,118,5,464,32,0,98,88,85,80,75,60,75,40,43,0,0,0,0,332,312,644
38903,Jackson Arts and Technology PSA,2,0,46,0,35,6,0,1,0,48,0,23,1,0,3,0,94,0,58,7,0,36,26,23,27,15,18,17,0,0,0,0,0,0,89,73,162
39000,Kalamazoo RESA,2,3,104,0,171,8,10,0,1,23,0,52,4,1,2,4,127,0,223,12,11,20,22,17,10,11,16,16,23,28,78,44,57,37,298,81,379
39010,Kalamazoo Public School District,71,134,2912,0,2540,608,0,75,132,2906,1,2319,603,0,146,266,5818,1,4859,1211,0,1166,1093,1011,986,1002,957,923,867,875,1185,861,675,700,6265,6036,12301
39020,Climax-Scotts Community Schools,0,1,2,0,311,3,1,0,0,3,0,281,4,0,0,1,5,0,592,7,1,50,34,36,34,45,25,48,33,50,69,68,57,57,318,288,606
39030,Comstock Public Schools,19,15,196,1,899,44,42,8,19,160,1,857,35,59,27,34,356,2,1756,79,101,170,187,156,164,141,168,144,161,184,201,241,189,249,1216,1139,2355
39050,Galesburg-Augusta Community Schools,10,3,10,0,580,15,2,6,6,11,0,563,11,1,16,9,21,0,1143,26,3,118,98,85,105,89,81,101,104,82,103,94,87,71,620,598,1218
39065,Gull Lake Community Schools,3,20,41,0,1337,32,32,2,19,44,3,1269,24,19,5,39,85,3,2606,56,51,174,185,189,209,226,212,251,212,255,220,271,235,206,1465,1380,2845
39130,Parchment School District,5,10,98,1,746,24,4,7,5,86,1,734,20,6,12,15,184,2,1480,44,10,114,122,111,113,133,116,134,122,143,159,145,141,194,888,859,1747
39140,Portage Public Schools,13,246,317,10,3766,100,39,10,232,309,11,3484,112,45,23,478,626,21,7250,212,84,727,574,592,604,647,599,699,645,697,809,744,657,700,4491,4203,8694
39160,Schoolcraft Community Schools,0,1,6,0,593,1,2,0,3,11,0,551,1,0,0,4,17,0,1144,2,2,90,76,82,80,87,90,95,90,84,88,93,95,119,603,566,1169
39170,Vicksburg Community Schools,7,7,18,6,1246,22,3,14,14,25,8,1221,11,10,21,21,43,14,2467,33,13,242,178,176,182,189,192,190,186,211,196,215,232,223,1309,1303,2612
39903,Oakland Academy,1,5,9,1,90,1,17,1,3,3,1,83,2,10,2,8,12,2,173,3,27,41,49,35,42,32,22,6,0,0,0,0,0,0,124,103,227
39905,Paramount Charter Academy,9,14,69,2,239,20,0,3,9,80,1,238,9,0,12,23,149,3,477,29,0,106,82,77,71,78,79,77,64,59,0,0,0,0,353,340,693
39906,Youth Advancement Academy,0,0,11,0,4,2,1,0,0,15,0,0,1,1,0,0,26,0,4,3,2,0,0,0,0,0,0,0,0,0,8,14,7,6,18,17,35
40020,Forest Area Community Schools,12,1,8,0,369,5,1,15,2,2,1,333,5,0,27,3,10,1,702,10,1,86,57,43,50,58,44,55,45,57,63,65,80,51,396,358,754
40040,Kalkaska Public Schools,5,3,3,0,766,6,0,10,4,2,0,756,3,1,15,7,5,0,1522,9,1,123,116,94,111,124,108,115,98,116,144,142,126,142,783,776,1559
40060,Excelsior Township S/D #1,1,0,0,0,24,0,1,0,0,0,0,27,0,0,1,0,0,0,51,0,1,9,6,6,7,3,9,4,6,3,0,0,0,0,26,27,53
41010,Grand Rapids Public Schools,90,120,3579,4,2031,1529,2200,97,125,3470,8,1692,1385,2098,187,245,7049,12,3723,2914,4298,1913,1607,1499,1457,1451,1382,1323,1264,1294,1712,1352,1040,1134,9553,8875,18428
41020,Godwin Heights Public Schools,6,53,292,0,401,404,13,4,32,270,0,383,342,20,10,85,562,0,784,746,33,176,167,180,168,157,152,131,121,147,166,160,173,322,1169,1051,2220
41025,Northview Public School District,6,16,118,1,1429,86,78,5,32,98,1,1396,65,80,11,48,216,2,2825,151,158,246,174,214,202,208,247,273,264,243,321,369,326,324,1734,1677,3411
41026,Wyoming Public Schools,17,122,421,2,1339,677,93,19,90,379,1,1225,670,98,36,212,800,3,2564,1347,191,339,380,350,332,335,334,349,366,361,542,524,495,446,2671,2482,5153
41040,Byron Center Public Schools,0,57,54,15,1540,91,0,0,54,46,5,1387,80,0,0,111,100,20,2927,171,0,349,231,254,258,229,244,238,251,252,267,240,252,264,1757,1572,3329
41050,Caledonia Community Schools,14,34,31,3,2006,59,1,14,35,28,4,1799,48,1,28,69,59,7,3805,107,2,347,280,288,302,311,298,287,325,279,357,333,370,300,2148,1929,4077
41070,Cedar Springs Public Schools,14,6,28,2,1608,36,5,10,11,28,6,1554,62,0,24,17,56,8,3162,98,5,310,255,238,249,231,254,231,236,265,270,289,267,275,1699,1671,3370
41080,Comstock Park Public Schools,8,11,111,1,947,158,6,6,12,117,1,886,161,15,14,23,228,2,1833,319,21,232,167,163,177,172,175,156,167,179,202,187,247,216,1242,1198,2440
41090,East Grand Rapids Public Schools,2,22,61,1,1374,17,7,1,63,50,5,1360,21,2,3,85,111,6,2734,38,9,245,199,198,223,245,229,229,248,253,219,238,230,230,1484,1502,2986
41110,Forest Hills Public Schools,14,328,199,6,4634,81,0,9,352,177,4,4261,78,0,23,680,376,10,8895,159,0,849,698,723,724,783,787,773,792,778,806,800,809,821,5262,4881,10143
41120,Godfrey-Lee Public Schools,5,4,119,0,146,535,18,9,3,131,0,144,537,25,14,7,250,0,290,1072,43,159,133,121,139,109,113,112,117,104,157,157,129,126,827,849,1676
41130,Grandville Public Schools,9,107,113,2,2484,180,64,5,86,104,4,2416,191,90,14,193,217,6,4900,371,154,489,393,402,446,416,433,428,478,429,480,483,462,516,2959,2896,5855
41140,Kelloggsville Public Schools,21,69,245,4,556,302,5,17,73,206,3,494,274,3,38,142,451,7,1050,576,8,207,162,152,158,143,156,169,141,165,198,190,204,227,1202,1070,2272
41145,Kenowa Hills Public Schools,13,36,65,6,1475,201,15,11,20,62,2,1345,174,18,24,56,127,8,2820,375,33,316,218,221,228,226,230,278,248,271,326,307,293,281,1811,1632,3443
41150,Kent City Community Schools,3,3,0,2,579,94,0,2,3,5,0,583,72,0,5,6,5,2,1162,166,0,127,100,96,104,96,102,87,99,95,91,114,129,106,681,665,1346
41160,Kentwood Public Schools,21,358,1267,13,1993,443,191,27,379,1233,10,1872,419,223,48,737,2500,23,3865,862,414,643,574,561,597,606,623,577,625,663,836,906,669,569,4286,4163,8449
41170,Lowell Area Schools,22,7,29,7,1924,27,0,24,7,32,3,1742,25,0,46,14,61,10,3666,52,0,329,271,276,263,271,294,262,287,290,303,330,327,346,2016,1833,3849
41210,Rockford Public Schools,3,32,33,0,3875,50,118,3,72,24,2,3591,54,114,6,104,57,2,7466,104,232,707,545,549,573,560,592,629,570,595,654,647,655,695,4111,3860,7971
41240,Sparta Area Schools,1,7,23,1,1263,221,5,3,9,19,1,1187,164,2,4,16,42,2,2450,385,7,243,208,182,218,189,212,203,194,209,249,340,240,219,1521,1385,2906
41901,New Branches School,0,3,55,0,35,22,3,2,0,49,2,34,30,10,2,3,104,2,69,52,13,43,47,47,44,18,23,23,0,0,0,0,0,0,118,127,245
41904,West MI Academy of Environmental Science,2,1,13,0,150,56,3,3,5,28,1,146,56,8,5,6,41,1,296,112,11,54,30,35,28,32,44,26,30,41,63,42,34,13,225,247,472
41905,Excel Charter Academy,5,28,120,0,231,68,1,4,29,141,0,259,68,0,9,57,261,0,490,136,1,113,78,79,77,78,79,76,77,68,153,76,0,0,453,501,954
41908,Byron Center Charter School,3,0,1,0,102,0,0,6,4,1,0,114,3,0,9,4,2,0,216,3,0,17,17,17,8,20,20,14,22,23,17,21,18,20,106,128,234
41909,Vista Charter Academy,2,3,139,0,33,188,0,2,4,139,0,36,176,0,4,7,278,0,69,364,0,82,84,84,84,85,80,83,85,55,0,0,0,0,365,357,722
41910,Vanguard Charter Academy,1,9,24,0,291,52,0,3,12,24,0,266,40,0,4,21,48,0,557,92,0,115,79,78,74,78,77,76,76,69,0,0,0,0,377,345,722
41911,Grattan Academy,0,5,1,0,89,1,3,0,5,2,0,67,2,3,0,10,3,0,156,3,6,8,14,9,18,7,8,13,7,12,16,24,16,26,99,79,178
41914,Knapp Charter Academy,7,12,85,3,242,25,0,9,11,91,6,199,23,0,16,23,176,9,441,48,0,109,84,84,78,80,79,69,63,67,0,0,0,0,374,339,713
41915,Walker Charter Academy,2,8,23,0,293,16,0,2,6,15,0,310,17,0,4,14,38,0,603,33,0,83,81,81,81,81,74,73,71,67,0,0,0,0,342,350,692
41916,Cross Creek Charter Academy,0,14,20,2,326,18,0,1,15,24,0,294,17,0,1,29,44,2,620,35,0,121,80,78,76,76,78,76,76,70,0,0,0,0,380,351,731
41917,William C. Abney Academy,0,0,228,0,3,11,0,0,0,219,0,1,11,0,0,0,447,0,4,22,0,81,86,91,70,78,67,0,0,0,0,0,0,0,242,231,473
41918,Creative Technologies Academy,0,0,4,0,154,4,1,0,1,2,0,135,9,0,0,1,6,0,289,13,1,21,18,18,13,17,21,21,26,25,30,32,34,34,163,147,310
41919,Ridge Park Charter Academy,3,6,171,1,87,41,0,2,7,207,1,67,33,0,5,13,378,2,154,74,0,79,77,75,78,81,69,69,61,37,0,0,0,0,309,317,626
41920,Chandler Woods Charter Academy,1,4,4,0,338,4,0,0,9,10,0,331,1,0,1,13,14,0,669,5,0,113,78,78,78,77,76,72,68,62,0,0,0,0,351,351,702
41921,Grand Rapids Child Discovery Center,1,1,7,0,41,16,17,2,5,8,0,61,17,21,3,6,15,0,102,33,38,35,41,32,37,29,23,0,0,0,0,0,0,0,83,114,197
41922,Lighthouse Academy,0,2,62,1,45,8,0,0,0,28,0,15,5,0,0,2,90,1,60,13,0,0,0,0,1,2,2,9,16,10,40,48,27,11,118,48,166
42030,Grant Township S/D #2,0,0,0,0,1,0,0,0,0,0,0,3,0,0,0,0,0,0,4,0,0,1,1,1,0,0,0,1,0,0,0,0,0,0,1,3,4
43040,Baldwin Community Schools,5,0,79,0,155,14,36,1,0,94,0,136,4,22,6,0,173,0,291,18,58,62,41,39,28,50,49,39,46,33,42,60,30,27,289,257,546
44000,Lapeer ISD,0,0,1,0,9,1,0,0,1,0,0,3,0,0,0,1,1,0,12,1,0,1,0,0,1,5,2,1,2,0,2,0,1,0,11,4,15
44010,Lapeer Community Schools,15,11,39,1,3065,81,9,16,23,37,3,2898,75,8,31,34,76,4,5963,156,17,451,424,355,401,425,439,441,506,506,573,591,582,587,3221,3060,6281
44020,Almont Community Schools,0,5,4,0,919,41,0,0,4,5,1,732,30,0,0,9,9,1,1651,71,0,134,121,139,89,129,126,142,128,125,142,157,166,143,969,772,1741
44050,Dryden Community Schools,1,3,2,0,368,10,0,2,2,1,0,305,6,0,3,5,3,0,673,16,0,42,58,47,55,56,52,49,61,56,76,57,53,38,384,316,700
44060,Imlay City Community Schools,7,8,15,3,902,203,2,3,5,6,2,887,240,3,10,13,21,5,1789,443,5,177,171,182,173,168,186,165,161,188,165,165,184,201,1140,1146,2286
44090,North Branch Area Schools,5,2,9,0,1276,29,0,2,4,14,0,1131,45,1,7,6,23,0,2407,74,1,201,171,171,184,166,177,187,214,171,222,219,215,220,1321,1197,2518
44901,Chatfield School,1,2,3,0,222,2,0,0,1,1,0,211,6,0,1,3,4,0,433,8,0,52,52,52,52,53,52,52,45,39,0,0,0,0,230,219,449
45010,Glen Lake Community Schools,4,3,5,1,413,7,0,7,4,1,0,357,4,0,11,7,6,1,770,11,0,63,68,53,36,51,59,59,77,66,72,69,70,63,433,373,806
45020,Leland Public School District,3,0,3,0,193,47,1,0,1,1,1,187,28,0,3,1,4,1,380,75,1,32,38,30,38,36,33,30,36,36,44,39,31,42,247,218,465
45040,Northport Public School District,19,0,3,0,48,11,0,16,0,3,0,42,10,0,35,0,6,0,90,21,0,11,10,11,14,15,6,12,12,9,14,13,16,9,81,71,152
45050,Suttons Bay Public Schools,67,3,0,0,271,31,37,82,6,2,0,205,42,29,149,9,2,0,476,73,66,74,41,45,40,43,63,51,50,50,65,65,87,101,409,366,775
46000,Lenawee ISD,1,1,91,1,88,10,0,0,0,4,0,27,5,0,1,1,95,1,115,15,0,0,1,3,4,6,2,5,7,31,43,63,43,20,192,36,228
46010,Adrian City School District,13,19,148,0,1124,460,0,9,23,170,2,1075,381,0,22,42,318,2,2199,841,0,306,238,260,249,250,234,244,237,248,257,260,257,384,1764,1660,3424
46020,Addison Community Schools,3,2,15,0,502,10,0,0,3,8,0,425,10,0,3,5,23,0,927,20,0,82,57,52,72,68,60,79,85,81,86,88,72,96,532,446,978
46040,Blissfield Community Schools,1,9,5,0,601,39,0,2,1,7,0,558,32,0,3,10,12,0,1159,71,0,85,111,97,85,103,102,82,102,92,104,99,99,94,655,600,1255
46050,Britton-Macon Area School District,0,0,2,0,262,14,0,0,6,3,0,252,7,0,0,6,5,0,514,21,0,44,45,30,32,45,46,44,38,42,53,38,35,54,278,268,546
46060,Clinton Community Schools,0,1,6,0,547,6,0,1,6,6,0,548,5,0,1,7,12,0,1095,11,0,69,69,78,81,71,80,91,99,91,97,104,92,104,560,566,1126
46070,Deerfield Public Schools,0,0,0,0,146,15,0,2,0,1,0,114,15,0,2,0,1,0,260,30,0,29,15,14,13,22,21,26,23,35,25,18,24,28,161,132,293
46080,Hudson Area Schools,1,3,12,27,430,0,0,1,3,14,26,423,0,0,2,6,26,53,853,0,0,72,67,57,59,77,66,85,75,69,66,75,85,87,473,467,940
46090,Madison School District (Lenawee),5,7,47,0,473,197,0,5,7,25,1,477,226,0,10,14,72,1,950,423,0,145,126,134,124,110,120,134,94,112,100,92,89,90,729,741,1470
46100,Morenci Area Schools,1,0,9,0,377,21,0,3,2,12,0,350,24,0,4,2,21,0,727,45,0,70,53,62,70,74,48,63,63,56,71,60,46,63,408,391,799
46110,Onsted Community Schools,3,4,3,1,832,18,0,9,4,4,0,771,18,0,12,8,7,1,1603,36,0,122,93,104,122,115,128,117,141,133,143,153,155,141,861,806,1667
46130,Sand Creek Community Schools,4,2,3,0,474,13,0,7,0,5,1,403,13,0,11,2,8,1,877,26,0,78,71,60,62,68,58,80,71,65,78,71,92,71,496,429,925
46140,Tecumseh Public Schools,9,11,30,1,1410,86,0,11,14,21,1,1370,82,0,20,25,51,2,2780,168,0,219,204,234,222,229,246,239,241,267,248,222,231,244,1547,1499,3046
47010,Brighton Area Schools,31,51,29,9,3209,50,0,29,46,30,14,2991,67,0,60,97,59,23,6200,117,0,472,420,417,455,494,461,525,538,499,531,565,621,558,3379,3177,6556
47030,Fowlerville Community Schools,16,10,10,0,1560,33,0,23,5,13,0,1317,24,0,39,15,23,0,2877,57,0,215,234,200,228,221,250,207,223,222,240,253,273,245,1629,1382,3011
47060,Hartland Consolidated Schools,8,22,17,2,2811,43,0,7,34,11,5,2542,47,0,15,56,28,7,5353,90,0,336,363,355,408,420,447,404,465,442,468,446,494,501,2903,2646,5549
47070,Howell Public Schools,46,47,33,10,4079,100,0,32,65,35,11,3782,73,0,78,112,68,21,7861,173,0,622,554,598,597,665,646,655,643,720,730,663,617,603,4315,3998,8313
47080,Pinckney Community Schools,5,19,15,1,2296,19,0,4,25,13,2,2217,19,0,9,44,28,3,4513,38,0,322,308,324,339,346,381,347,394,369,382,381,404,338,2355,2280,4635
47901,Kensington Woods High School,3,0,2,1,142,0,0,0,1,2,1,122,5,0,3,1,4,2,264,5,0,0,0,0,0,0,0,0,0,0,15,57,106,101,148,131,279
47902,Charyl Stockwell Academy,0,4,6,0,440,4,15,0,6,6,0,384,5,8,0,10,12,0,824,9,23,139,113,124,100,97,85,66,42,49,36,27,0,0,469,409,878
48040,Tahquamenon Area Schools,37,1,3,0,391,1,10,30,3,4,0,364,2,12,67,4,7,0,755,3,22,78,61,59,66,48,43,59,77,87,56,87,72,65,443,415,858
49010,St. Ignace Area Schools,184,0,4,0,159,0,0,168,1,7,0,134,0,0,352,1,11,0,293,0,0,45,39,50,41,40,51,57,48,46,69,56,61,54,347,310,657
49020,Bois Blanc Pines School District,0,0,0,0,2,0,0,0,0,0,0,1,0,0,0,0,0,0,3,0,0,0,0,0,0,2,0,1,0,0,0,0,0,0,2,1,3
49040,Les Cheneaux Community Schools,46,0,0,0,108,0,1,47,0,0,0,106,1,1,93,0,0,0,214,1,2,17,22,23,27,16,27,19,24,25,38,19,37,16,155,155,310
49055,Engadine Consolidated Schools,48,1,1,0,87,2,2,42,2,2,1,70,2,2,90,3,3,1,157,4,4,17,15,24,21,18,18,24,15,23,25,28,15,19,141,121,262
49070,Moran Township School District,14,0,0,0,20,0,5,12,0,1,0,21,0,5,26,0,1,0,41,0,10,11,10,7,11,10,5,9,9,6,0,0,0,0,39,39,78
49110,Mackinac Island Public Schools,12,1,2,0,18,0,4,6,0,2,0,32,0,1,18,1,4,0,50,0,5,6,7,3,5,3,4,4,7,8,12,6,6,7,37,41,78
49901,Three Lakes Academy,0,0,0,0,28,0,0,0,0,0,0,34,0,0,0,0,0,0,62,0,0,8,7,11,12,11,7,6,0,0,0,0,0,0,28,34,62
50000,Macomb ISD,3,9,106,2,539,5,1,2,3,37,0,189,3,3,5,12,143,2,728,8,4,0,29,56,70,77,62,76,90,71,92,82,78,119,665,237,902
50010,Center Line Public Schools,14,100,198,0,1081,17,59,14,50,213,0,1025,20,50,28,150,411,0,2106,37,109,227,272,165,169,196,182,223,231,223,224,303,214,212,1469,1372,2841
50020,East Detroit Public Schools,27,70,990,2,1268,42,76,26,56,909,1,1131,36,53,53,126,1899,3,2399,78,129,291,304,331,296,320,366,357,352,404,377,428,434,427,2475,2212,4687
50030,Roseville Community Schools,43,50,620,2,2138,66,78,61,63,592,1,2009,33,91,104,113,1212,3,4147,99,169,380,360,411,378,430,423,485,461,441,516,676,388,498,2997,2850,5847
50040,Anchor Bay School District,5,25,147,4,3017,43,35,6,25,127,4,2887,37,36,11,50,274,8,5904,80,71,495,486,473,491,495,492,502,480,454,538,499,464,529,3276,3122,6398
50050,Armada Area Schools,3,5,3,0,1030,10,6,0,2,4,0,983,14,1,3,7,7,0,2013,24,7,130,120,121,123,170,134,184,182,174,166,190,203,164,1057,1004,2061
50070,Clintondale Community Schools,10,31,1496,2,445,25,5,6,27,1391,3,417,25,12,16,58,2887,5,862,50,17,169,167,163,168,160,174,141,159,148,184,199,831,1232,2014,1881,3895
50080,Chippewa Valley Schools,14,202,666,6,6937,160,173,25,175,557,7,6573,148,185,39,377,1223,13,13510,308,358,1132,1145,1207,1203,1298,1219,1237,1225,1251,1246,1277,1190,1198,8158,7670,15828
50090,Fitzgerald Public Schools,11,178,499,1,821,35,22,7,160,477,1,744,31,16,18,338,976,2,1565,66,38,193,178,187,199,228,227,221,192,206,271,303,315,283,1567,1436,3003
50100,Fraser Public Schools,6,53,248,5,2152,30,71,8,45,215,3,2077,35,61,14,98,463,8,4229,65,132,413,324,348,354,361,368,381,376,411,433,426,391,423,2565,2444,5009
50120,Lake Shore Public Schools (Macomb),37,11,108,0,1537,23,31,39,13,117,1,1496,21,36,76,24,225,1,3033,44,67,217,204,217,225,226,232,261,271,260,317,311,333,396,1747,1723,3470
50130,Lakeview Public Schools (Macomb),13,17,92,6,1517,16,13,18,16,100,2,1515,18,8,31,33,192,8,3032,34,21,228,216,188,198,235,210,256,289,286,330,346,318,251,1674,1677,3351
50140,L'Anse Creuse Public Schools,13,61,815,6,5090,164,121,22,66,742,11,4818,156,141,35,127,1557,17,9908,320,262,836,751,828,882,845,876,900,939,962,1002,1040,1079,1286,6270,5956,12226
50160,Mt. Clemens Community School District,4,4,574,2,310,27,50,3,5,546,0,276,33,71,7,9,1120,2,586,60,121,202,176,149,156,148,145,134,108,119,200,143,129,96,971,934,1905
50170,New Haven Community Schools,2,8,112,0,478,37,0,3,5,120,0,453,27,0,5,13,232,0,931,64,0,95,86,89,97,99,108,97,106,85,79,100,101,103,637,608,1245
50180,Richmond Community Schools,5,6,15,2,862,43,5,3,3,9,1,803,30,4,8,9,24,3,1665,73,9,103,103,102,128,129,128,141,137,151,172,167,168,162,938,853,1791
50190,Romeo Community Schools,5,21,68,0,2509,171,15,3,22,66,1,2439,142,22,8,43,134,1,4948,313,37,376,404,403,382,382,402,402,434,462,447,444,498,448,2789,2695,5484
50200,South Lake Schools,7,15,338,6,736,41,4,7,6,338,3,696,36,9,14,21,676,9,1432,77,13,145,147,151,159,160,159,158,141,163,179,180,225,275,1147,1095,2242
50210,Utica Community Schools,13,414,640,55,13554,238,78,12,364,586,34,12905,230,82,25,778,1226,89,26459,468,160,1954,2032,2149,2138,2218,2176,2190,2280,2400,2427,2442,2344,2455,14992,14213,29205
50220,Van Dyke Public Schools,8,69,640,0,876,21,78,8,71,628,3,706,17,71,16,140,1268,3,1582,38,149,226,275,245,228,256,212,223,254,224,300,317,237,199,1692,1504,3196
50230,Warren Consolidated Schools,37,574,1026,25,6376,86,57,32,493,911,24,6114,62,62,69,1067,1937,49,12490,148,119,1193,1153,1078,1103,1113,1136,1114,1229,1168,1338,1390,1408,1456,8181,7698,15879
50240,Warren Woods Public Schools,6,99,237,9,1280,20,4,9,103,259,8,1471,32,3,15,202,496,17,2751,52,7,186,209,215,210,199,180,266,248,284,300,345,426,472,1655,1885,3540
50902,Conner Creek Academy East,2,4,424,4,64,0,23,1,5,438,0,55,1,11,3,9,862,4,119,1,34,75,76,73,76,83,66,85,81,81,108,98,67,63,521,511,1032
50903,Huron Academy,4,21,22,0,156,2,10,2,12,39,0,149,1,10,6,33,61,0,305,3,20,88,83,54,68,52,50,33,0,0,0,0,0,0,215,213,428
50904,Conner Creek Academy,0,0,226,0,3,0,0,0,0,212,0,2,0,0,0,0,438,0,5,0,0,17,31,19,27,23,36,25,32,31,59,55,48,40,229,214,443
50905,Arts Academy in the Woods,0,0,24,0,64,1,0,0,0,72,1,108,3,5,0,0,96,1,172,4,5,0,0,0,0,0,0,0,0,0,40,57,100,81,89,189,278
50906,Merritt Academy,0,1,17,0,164,0,3,0,0,20,0,175,4,9,0,1,37,0,339,4,12,45,24,35,43,45,37,34,32,29,19,24,16,10,185,208,393
50908,Mt. Clemens Montessori Academy,1,9,23,3,119,0,6,1,12,28,2,107,0,6,2,21,51,5,226,0,12,72,58,47,57,43,40,0,0,0,0,0,0,0,161,156,317
50909,Prevail Academy,2,5,137,1,207,11,0,2,4,159,2,188,13,0,4,9,296,3,395,24,0,82,86,82,84,84,84,80,82,67,0,0,0,0,363,368,731
50910,Ben Ross Public School Academy,1,14,234,0,5,0,0,2,9,175,0,1,1,0,3,23,409,0,6,1,0,42,41,46,65,55,52,51,51,39,0,0,0,0,254,188,442
50911,Academy of Warren,2,0,394,0,3,0,1,0,0,442,0,1,0,1,2,0,836,0,4,0,2,89,121,97,80,96,98,92,103,68,0,0,0,0,400,444,844
50912,Reach Charter Academy,1,3,105,0,161,3,0,0,6,121,0,123,2,0,1,9,226,0,284,5,0,101,87,77,73,75,58,54,0,0,0,0,0,0,273,252,525
51020,Bear Lake School District,2,1,1,0,175,14,0,1,2,1,0,152,10,0,3,3,2,0,327,24,0,30,29,27,40,22,25,36,26,32,26,28,16,22,193,166,359
51045,Kaleva Norman Dickson School District,6,0,10,1,340,9,1,6,0,5,2,280,16,1,12,0,15,3,620,25,2,54,48,37,46,57,44,45,54,78,62,57,56,39,367,310,677
51060,Onekama Consolidated Schools,6,2,1,1,172,14,2,8,1,4,2,184,8,1,14,3,5,3,356,22,3,25,38,33,36,30,23,39,31,31,29,37,28,26,198,208,406
51070,Manistee Area Schools,46,3,24,1,783,17,1,38,6,19,1,716,24,0,84,9,43,2,1499,41,1,138,158,121,125,126,116,123,131,120,132,135,125,129,875,804,1679
51903,Casman Alternative Academy,10,0,4,0,44,1,0,5,0,1,0,37,2,0,15,0,5,0,81,3,0,0,0,0,0,0,0,0,4,8,33,28,20,11,59,45,104
52000,Marquette-Alger RESA,3,0,0,0,14,0,0,1,0,0,0,5,0,0,4,0,0,0,19,0,0,0,0,0,2,0,0,1,1,6,7,2,2,2,17,6,23
52015,N.I.C.E. Community Schools,3,3,12,0,590,1,0,5,0,8,0,605,1,0,8,3,20,0,1195,2,0,105,82,97,101,78,82,88,86,90,92,101,88,138,609,619,1228
52040,Gwinn Area Community Schools,30,6,18,0,566,8,8,35,0,23,0,564,4,7,65,6,41,0,1130,12,15,84,104,74,93,88,91,94,112,100,131,95,90,113,636,633,1269
52090,Negaunee Public Schools,21,6,8,3,656,4,6,23,5,6,4,683,3,3,44,11,14,7,1339,7,9,128,110,100,109,88,116,96,94,119,102,125,116,128,704,727,1431
52100,Powell Township Schools,0,0,0,0,26,0,1,0,1,0,0,16,1,1,0,1,0,0,42,1,2,8,3,5,8,5,4,2,7,4,0,0,0,0,27,19,46
52110,Republic-Michigamme Schools,0,0,0,1,77,0,0,1,0,0,0,74,0,0,1,0,0,1,151,0,0,9,13,11,18,7,13,10,13,9,2,10,15,23,78,75,153
52160,Wells Township School District,0,0,0,0,3,0,1,0,0,0,0,9,0,0,0,0,0,0,12,0,1,1,1,1,1,2,2,2,2,1,0,0,0,0,4,9,13
52170,Marquette Area Public Schools,101,19,18,0,1471,8,15,80,14,21,0,1338,12,9,181,33,39,0,2809,20,24,243,210,199,235,203,200,216,257,222,277,258,289,297,1632,1474,3106
52180,Ishpeming Public School District,5,1,5,0,437,4,0,9,3,5,0,374,4,0,14,4,10,0,811,8,0,80,61,72,52,64,53,59,64,82,63,66,60,71,452,395,847
52901,North Star Academy,5,2,4,0,105,0,0,3,1,0,0,80,2,0,8,3,4,0,185,2,0,19,7,8,10,10,15,11,14,13,19,23,31,22,116,86,202
53010,Mason County Central Schools,15,0,26,2,711,87,1,10,2,26,0,643,74,0,25,2,52,2,1354,161,1,143,111,102,122,111,105,127,111,133,134,147,140,111,842,755,1597
53020,Mason County Eastern Schools,2,0,1,0,240,8,5,2,1,1,0,210,3,10,4,1,2,0,450,11,15,41,40,27,25,31,39,30,34,37,50,43,64,22,256,227,483
53030,Free Soil Community Schools,1,2,0,1,15,0,0,0,0,0,0,15,0,0,1,2,0,1,30,0,0,4,5,3,5,5,2,3,4,3,0,0,0,0,19,15,34
53040,Ludington Area School District,2,2,5,0,939,40,98,8,4,6,0,945,34,80,10,6,11,0,1884,74,178,159,137,145,153,141,146,149,149,151,182,201,211,239,1086,1077,2163
54000,Mecosta-Osceola ISD,1,1,26,0,99,5,0,2,0,10,0,34,1,0,3,1,36,0,133,6,0,0,7,5,5,7,9,10,8,25,34,42,22,5,132,47,179
54010,Big Rapids Public Schools,6,14,86,2,911,16,0,2,12,109,3,816,6,0,8,26,195,5,1727,22,0,122,137,133,145,121,147,161,137,162,177,184,166,191,1035,948,1983
54025,Chippewa Hills School District,96,6,37,1,1006,12,1,75,4,22,1,992,7,0,171,10,59,2,1998,19,1,235,161,147,162,162,148,174,183,163,217,181,180,147,1159,1101,2260
54040,Morley Stanwood Community Schools,4,5,5,7,700,4,1,3,4,4,9,693,2,5,7,9,9,16,1393,6,6,89,98,99,106,100,114,113,118,95,119,126,131,138,726,720,1446
54901,Crossroads Charter Academy,1,4,21,0,286,6,0,6,10,13,0,272,5,0,7,14,34,0,558,11,0,43,47,53,63,55,55,45,49,58,28,46,37,45,318,306,624
55010,Carney-Nadeau Public Schools,6,0,2,0,131,2,2,6,0,0,0,135,0,1,12,0,2,0,266,2,3,30,20,24,27,20,19,22,23,26,19,16,20,19,143,142,285
55100,Menominee Area Public Schools,4,2,5,0,850,5,4,2,1,4,0,873,3,2,6,3,9,0,1723,8,6,158,127,130,120,120,146,115,134,138,129,157,153,128,870,885,1755
55115,North Central Area Schools,3,0,0,0,236,1,0,6,0,2,1,215,1,0,9,0,2,1,451,2,0,40,27,17,26,33,28,29,33,35,30,43,33,91,240,225,465
55120,Stephenson Area Public Schools,4,4,1,2,371,9,0,3,2,0,1,333,14,0,7,6,1,3,704,23,0,87,46,42,46,46,67,50,64,63,61,56,61,55,391,353,744
55901,Nah Tah Wahsh Public School Academy,50,1,0,1,34,0,0,58,0,1,1,24,1,3,108,1,1,2,58,1,3,29,13,17,11,16,10,9,14,7,16,14,6,12,86,88,174
56000,Midland County Educational Service Agency,0,3,2,0,54,2,0,0,0,1,0,30,0,0,0,3,3,0,84,2,0,10,14,8,4,4,10,6,4,8,12,9,0,3,61,31,92
56010,Midland Public Schools,22,152,113,0,4072,108,1,19,147,106,0,3884,111,0,41,299,219,0,7956,219,1,598,580,582,587,639,610,669,655,708,765,829,769,744,4468,4267,8735
56020,Bullock Creek School District,9,4,8,1,1012,10,0,7,3,9,4,919,9,0,16,7,17,5,1931,19,0,178,143,151,167,146,143,146,136,156,145,176,159,149,1044,951,1995
56030,Coleman Community School District,1,1,8,0,438,4,0,2,1,3,0,388,6,0,3,2,11,0,826,10,0,70,61,60,67,61,58,57,73,58,57,73,84,73,452,400,852
56050,Meridian Public Schools,2,3,13,0,679,9,0,1,1,3,0,668,6,0,3,4,16,0,1347,15,0,123,106,90,97,96,84,118,97,109,114,124,109,118,706,679,1385
56901,Windover High School,0,0,4,0,61,2,0,1,0,0,0,46,2,0,1,0,4,0,107,4,0,0,0,0,0,0,0,0,0,0,21,38,38,19,67,49,116
56902,Midland Academy of Advanced and Creative Studies,0,1,5,0,114,1,4,2,1,3,0,114,0,3,2,2,8,0,228,1,7,22,23,25,19,20,27,24,19,18,16,17,11,7,125,123,248
56903,Academic and Career Education Academy,3,1,3,0,59,5,0,1,0,3,0,53,0,0,4,1,6,0,112,5,0,0,0,0,0,0,0,0,0,0,23,44,31,30,71,57,128
57020,Lake City Area School District,3,1,10,0,576,13,1,2,3,15,0,509,20,0,5,4,25,0,1085,33,1,91,86,82,87,106,70,82,78,88,86,92,107,98,604,549,1153
57030,McBain Rural Agricultural Schools,1,2,1,0,537,9,1,3,4,4,1,475,14,0,4,6,5,1,1012,23,1,77,92,66,87,78,73,74,76,81,101,91,79,77,551,501,1052
58000,Monroe ISD,2,2,36,0,357,14,0,1,1,15,0,128,4,0,3,3,51,0,485,18,0,18,14,17,29,36,45,52,51,45,56,68,64,65,411,149,560
58010,Monroe Public Schools,2,26,358,0,2814,143,13,4,24,337,0,2611,111,6,6,50,695,0,5425,254,19,533,454,469,432,479,439,505,497,503,516,512,541,569,3356,3093,6449
58020,Airport Community School District,16,4,69,0,1311,40,0,18,6,61,0,1228,41,0,34,10,130,0,2539,81,0,151,182,181,193,199,193,222,238,224,247,269,245,250,1440,1354,2794
58030,Bedford Public Schools,14,28,21,2,2427,54,0,9,25,18,2,2445,57,0,23,53,39,4,4872,111,0,403,304,362,382,384,401,411,377,424,419,393,434,408,2546,2556,5102
58050,Dundee Community Schools,1,1,9,0,878,13,0,1,2,12,0,782,4,0,2,3,21,0,1660,17,0,141,121,125,126,136,131,146,102,151,116,140,143,125,902,801,1703
58070,Ida Public School District,0,3,8,0,851,7,0,0,2,8,2,774,10,0,0,5,16,2,1625,17,0,123,91,103,109,133,122,141,135,140,137,149,137,145,869,796,1665
58080,Jefferson Schools (Monroe),8,5,14,0,1115,31,0,6,10,8,0,998,40,0,14,15,22,0,2113,71,0,237,135,140,141,162,148,156,172,149,179,218,195,203,1173,1062,2235
58090,Mason Consolidated Schools (Monroe),16,6,17,0,579,35,0,21,3,10,0,534,36,0,37,9,27,0,1113,71,0,104,92,78,78,74,97,87,91,91,104,120,104,137,653,604,1257
58100,Summerfield School District,0,0,4,0,414,5,0,3,1,4,0,379,5,0,3,1,8,0,793,10,0,61,48,60,58,72,61,58,59,59,78,55,74,72,423,392,815
58110,Whiteford Agricultural Schools,1,3,14,0,345,4,0,1,5,15,0,336,10,0,2,8,29,0,681,14,0,45,44,34,50,51,51,57,73,59,67,77,52,74,367,367,734
58901,New Bedford Academy,0,2,1,0,57,1,1,0,2,3,0,71,0,1,0,4,4,0,128,1,2,20,17,16,18,16,14,15,16,7,0,0,0,0,62,77,139
58902,Triumph Academy,0,3,44,0,251,13,0,1,3,39,0,265,17,0,1,6,83,0,516,30,0,79,83,87,74,80,70,72,55,36,0,0,0,0,311,325,636
59020,Carson City-Crystal Area Schools,1,2,2,0,535,17,0,1,1,7,1,493,17,0,2,3,9,1,1028,34,0,84,78,69,69,78,65,87,98,89,96,95,85,84,557,520,1077
59045,Montabella Community Schools,6,0,0,0,392,11,26,4,1,1,0,371,14,14,10,1,1,0,763,25,40,67,61,57,62,74,60,77,61,66,61,68,67,59,435,405,840
59070,Greenville Public Schools,2,11,24,2,1854,85,0,4,10,27,2,1703,92,0,6,21,51,4,3557,177,0,305,278,276,281,278,299,302,307,293,319,303,292,283,1978,1838,3816
59080,Tri County Area Schools,3,4,8,3,1189,20,16,11,4,5,1,1134,11,12,14,8,13,4,2323,31,28,232,150,173,188,195,200,184,190,165,198,180,171,195,1243,1178,2421
59090,Lakeview Community Schools (Montcalm),5,4,7,2,776,8,0,1,3,2,1,694,3,1,6,7,9,3,1470,11,1,94,112,89,114,100,119,107,132,114,130,126,127,143,802,705,1507
59125,Central Montcalm Public Schools,1,1,14,1,937,37,5,0,2,6,0,884,24,2,1,3,20,1,1821,61,7,178,134,140,131,149,161,136,155,132,146,149,150,153,996,918,1914
59150,Vestaburg Community Schools,2,0,3,0,356,5,4,1,1,3,0,329,4,8,3,1,6,0,685,9,12,54,44,48,47,51,54,57,69,64,63,56,61,48,370,346,716
59901,Threshold Academy,0,2,1,0,75,17,3,0,0,0,1,64,10,2,0,2,1,1,139,27,5,33,27,27,31,28,17,12,0,0,0,0,0,0,98,77,175
60010,Atlanta Community Schools,0,0,2,0,165,7,0,0,1,0,0,141,11,0,0,1,2,0,306,18,0,22,18,20,21,22,20,16,32,33,26,31,35,31,174,153,327
60020,Hillman Community Schools,0,0,0,0,275,0,0,0,0,0,0,239,0,0,0,0,0,0,514,0,0,33,35,40,38,50,33,46,48,35,35,46,45,30,275,239,514
61010,Muskegon City School District,20,11,1408,0,730,295,78,20,5,1377,1,677,280,93,40,16,2785,1,1407,575,171,446,405,394,370,397,325,313,317,358,643,455,278,294,2542,2453,4995
61020,Muskegon Heights School District,1,3,738,0,32,29,1,0,1,709,0,24,18,2,1,4,1447,0,56,47,3,146,132,121,129,117,97,111,100,116,122,134,121,112,804,754,1558
61060,Mona Shores Public School District,16,39,105,2,1632,61,75,11,46,123,1,1582,59,71,27,85,228,3,3214,120,146,275,261,268,253,260,270,269,320,322,359,321,313,332,1930,1893,3823
61065,Oakridge Public Schools,12,9,35,3,857,51,0,8,12,29,2,797,63,0,20,21,64,5,1654,114,0,154,132,139,156,136,126,143,162,134,164,149,145,138,967,911,1878
61080,Fruitport Community Schools,19,12,35,0,1454,86,0,14,22,30,0,1405,64,0,33,34,65,0,2859,150,0,258,226,225,223,216,253,218,233,246,254,276,230,283,1606,1535,3141
61120,Holton Public Schools,21,6,1,0,513,13,0,23,1,4,0,454,13,0,44,7,5,0,967,26,0,70,71,76,86,74,72,92,79,68,67,98,85,111,554,495,1049
61180,Montague Area Public Schools,9,2,10,0,680,37,15,6,5,13,0,629,38,5,15,7,23,0,1309,75,20,166,106,111,107,103,96,102,108,116,99,113,120,102,753,696,1449
61190,Orchard View Schools,15,6,199,0,1092,100,55,16,9,195,1,1011,87,64,31,15,394,1,2103,187,119,240,204,206,203,210,211,223,216,182,190,385,189,191,1467,1383,2850
61210,Ravenna Public Schools,1,1,5,0,479,44,1,1,1,1,0,474,36,0,2,2,6,0,953,80,1,89,72,78,83,71,90,82,84,77,69,77,75,97,531,513,1044
61220,Reeths-Puffer Schools,16,17,113,4,1791,52,0,16,18,101,0,1746,45,0,32,35,214,4,3537,97,0,327,286,264,296,288,303,282,308,306,294,329,340,296,1993,1926,3919
61230,North Muskegon Public Schools,3,7,12,0,398,20,19,4,8,17,1,404,16,29,7,15,29,1,802,36,48,101,69,71,65,64,81,73,65,68,78,79,63,61,459,479,938
61240,Whitehall District Schools,9,8,89,0,1087,43,4,9,9,43,0,1030,29,4,18,17,132,0,2117,72,8,181,150,155,141,165,151,164,164,161,203,230,198,301,1240,1124,2364
61902,Timberland Academy,2,0,128,0,68,38,0,2,0,112,1,72,27,0,4,0,240,1,140,65,0,44,59,47,58,58,54,48,41,41,0,0,0,0,236,214,450
61903,WayPoint Academy,1,1,25,0,61,20,0,3,0,21,0,67,13,0,4,1,46,0,128,33,0,0,0,0,0,0,0,21,25,33,40,41,32,20,108,104,212
61904,Three Oaks Public School Academy,0,0,174,1,23,16,0,0,0,192,0,18,13,0,0,0,366,1,41,29,0,69,57,52,46,52,60,37,38,26,0,0,0,0,214,223,437
62040,Fremont Public School District,7,10,22,1,1134,74,0,2,12,16,1,1058,69,2,9,22,38,2,2192,143,2,176,177,164,170,160,160,180,174,201,174,193,200,279,1248,1160,2408
62050,Grant Public School District,0,3,9,0,891,353,0,5,4,5,0,756,251,0,5,7,14,0,1647,604,0,183,165,141,152,166,164,171,154,165,163,326,166,161,1256,1021,2277
62060,Hesperia Community Schools,2,0,4,0,551,31,0,0,5,4,0,505,18,0,2,5,8,0,1056,49,0,86,96,75,73,79,71,87,99,88,82,96,95,93,588,532,1120
62070,Newaygo Public School District,3,4,11,2,876,67,0,9,6,6,4,819,58,0,12,10,17,6,1695,125,0,124,149,119,121,129,128,129,159,138,148,153,151,217,963,902,1865
62090,White Cloud Public Schools,3,8,19,2,523,21,0,3,3,21,0,514,15,0,6,11,40,2,1037,36,0,114,70,77,90,85,81,102,91,85,79,112,75,71,576,556,1132
62470,Big Jackson School District,0,0,0,0,14,1,1,0,0,1,0,13,0,2,0,0,1,0,27,1,3,5,3,9,3,2,5,5,0,0,0,0,0,0,16,16,32
63000,Oakland Schools,0,0,1,0,9,1,0,0,0,0,0,10,0,0,0,0,1,0,19,1,0,2,0,0,1,0,1,3,7,1,2,1,1,2,11,10,21
63010,Birmingham City School District,11,110,447,8,3531,59,57,8,137,454,3,3171,52,51,19,247,901,11,6702,111,108,553,630,599,613,618,637,590,606,686,628,623,660,656,4223,3876,8099
63020,Ferndale Public Schools,14,30,1441,1,573,31,0,12,18,1380,0,497,21,0,26,48,2821,1,1070,52,0,176,177,173,141,160,188,158,210,214,629,652,633,507,2090,1928,4018
63030,Pontiac City School District,5,110,1915,2,318,641,13,5,130,1769,3,262,605,13,10,240,3684,5,580,1246,26,478,466,459,498,459,434,403,387,426,474,443,400,464,3004,2787,5791
63040,School District of the City of Royal Oak,7,43,228,7,2450,36,26,11,60,235,5,2224,37,31,18,103,463,12,4674,73,57,441,410,378,363,377,348,395,399,382,435,423,481,568,2797,2603,5400
63050,Berkley School District,11,30,491,0,1726,31,1,12,55,483,1,1730,28,1,23,85,974,1,3456,59,2,372,378,333,361,321,365,341,309,328,313,305,369,505,2290,2310,4600
63060,Southfield Public School District,6,21,4112,7,173,20,0,3,25,3981,8,150,13,0,9,46,8093,15,323,33,0,472,492,480,561,614,627,651,716,679,761,833,801,832,4339,4180,8519
63070,Avondale School District,5,191,377,5,1262,117,0,11,174,390,7,1137,131,0,16,365,767,12,2399,248,0,290,282,250,269,255,280,281,271,301,372,320,321,315,1957,1850,3807
63080,Bloomfield Hills School District,0,268,319,1,2135,31,0,2,248,314,3,2041,32,0,2,516,633,4,4176,63,0,338,331,298,353,405,363,393,437,463,518,488,498,509,2754,2640,5394
63090,Clarenceville School District,4,31,193,0,706,29,0,6,22,145,0,677,31,0,10,53,338,0,1383,60,0,125,137,142,157,138,131,147,142,134,137,165,130,159,963,881,1844
63100,Novi Community School District,5,890,279,6,1965,64,0,4,766,248,0,1934,70,0,9,1656,527,6,3899,134,0,409,415,422,486,459,469,531,474,494,524,534,525,489,3209,3022,6231
63110,Oxford Community Schools,10,31,73,7,2178,51,33,11,36,69,3,2005,61,25,21,67,142,10,4183,112,58,409,318,376,327,342,331,310,348,374,360,408,358,332,2383,2210,4593
63130,Hazel Park City School District,26,28,1098,0,1500,36,0,20,24,843,0,1402,28,0,46,52,1941,0,2902,64,0,203,216,225,245,259,257,247,254,265,584,1040,658,552,2688,2317,5005
63140,Madison Public Schools (Oakland),3,12,313,0,445,6,0,4,16,213,0,398,8,0,7,28,526,0,843,14,0,94,70,68,77,82,68,89,96,90,206,177,144,157,779,639,1418
63150,Troy School District,22,1682,398,9,4122,141,0,24,1523,363,10,3608,114,4,46,3205,761,19,7730,255,4,803,869,848,836,868,875,966,914,929,989,1039,947,1137,6374,5646,12020
63160,West Bloomfield School District,10,353,860,6,2070,67,90,12,337,892,8,1981,75,115,22,690,1752,14,4051,142,205,564,513,507,542,545,514,527,500,529,495,513,576,551,3456,3420,6876
63180,Brandon School District,13,22,70,0,1557,46,0,11,25,79,0,1499,59,0,24,47,149,0,3056,105,0,198,203,205,230,262,223,241,265,263,319,313,326,333,1708,1673,3381
63190,Clarkston Community School District,14,42,96,8,3808,146,169,9,50,78,8,3438,140,176,23,92,174,16,7246,286,345,607,530,554,608,586,650,664,626,656,638,691,662,710,4283,3899,8182
63200,Farmington Public School District,7,730,1291,0,3873,106,2,2,744,1359,0,3580,100,2,9,1474,2650,0,7453,206,4,780,818,790,864,895,790,865,925,908,1013,972,1067,1109,6009,5787,11796
63210,Holly Area School District,7,23,68,1,1779,76,7,19,26,56,3,1615,68,5,26,49,124,4,3394,144,12,241,277,268,261,298,299,262,276,303,364,341,288,275,1961,1792,3753
63220,Huron Valley Schools,64,66,70,8,4947,106,13,68,53,63,4,4702,91,16,132,119,133,12,9649,197,29,738,709,704,740,743,758,780,823,786,865,869,866,890,5274,4997,10271
63230,Lake Orion Community Schools,3,84,148,3,3574,88,98,5,97,141,3,3437,98,78,8,181,289,6,7011,186,176,538,560,536,613,568,606,594,624,617,697,636,616,652,3998,3859,7857
63240,South Lyon Community Schools,16,58,122,2,3261,83,27,12,64,97,1,3223,62,32,28,122,219,3,6484,145,59,549,495,532,562,541,574,560,551,576,579,532,512,497,3569,3491,7060
63250,Oak Park City School District,4,17,1628,0,74,1,0,2,18,1640,0,74,5,0,6,35,3268,0,148,6,0,195,211,224,228,246,234,224,232,218,292,424,317,418,1724,1739,3463
63260,Rochester Community School District,11,845,400,8,5943,177,224,10,799,398,4,5637,170,230,21,1644,798,12,11580,347,454,978,1013,1005,1098,1057,1132,1164,1145,1196,1277,1250,1235,1306,7608,7248,14856
63270,Clawson Public Schools,2,21,122,5,697,33,0,9,32,96,3,703,28,0,11,53,218,8,1400,61,0,164,103,144,133,118,143,124,127,129,140,141,160,125,880,871,1751
63280,Lamphere Public Schools,5,72,112,1,1154,31,0,6,81,124,0,1111,16,0,11,153,236,1,2265,47,0,224,219,207,195,216,212,194,197,214,217,213,208,197,1375,1338,2713
63290,Walled Lake Consolidated Schools,22,470,659,9,6489,203,69,18,435,603,6,6198,181,69,40,905,1262,15,12687,384,138,1037,1110,1091,1141,1143,1214,1178,1179,1204,1306,1339,1223,1266,7921,7510,15431
63300,Waterford School District,39,107,579,11,4706,457,0,31,122,492,15,4381,432,0,70,229,1071,26,9087,889,0,914,865,814,824,812,802,826,837,884,984,1012,947,851,5899,5473,11372
63901,AGBU Alex-Marie Manoogian School,0,0,3,0,174,0,0,0,0,19,0,172,0,0,0,0,22,0,346,0,0,24,22,24,19,26,31,25,26,34,34,39,35,29,177,191,368
63902,Academy of Oak Park,0,1,518,0,0,0,0,2,1,557,0,0,0,2,2,2,1075,0,0,0,2,42,44,50,48,61,62,55,79,100,135,151,124,130,519,562,1081
63903,Academy of Southfield,1,0,185,0,0,0,1,0,0,142,0,0,0,0,1,0,327,0,0,0,1,23,22,22,35,36,35,49,56,51,0,0,0,0,187,142,329
63904,Academy of Lathrup Village,0,1,206,0,0,0,0,0,0,158,0,0,0,0,0,1,364,0,0,0,0,25,37,24,36,44,45,48,58,48,0,0,0,0,207,158,365
63906,Pontiac Academy for Excellence,3,7,514,0,37,140,0,4,7,545,0,45,149,2,7,14,1059,0,82,289,2,130,130,130,133,110,109,135,117,116,117,90,76,60,701,752,1453
63907,Great Lakes Academy,1,0,128,0,7,7,0,0,0,146,0,3,7,0,1,0,274,0,10,14,0,40,31,41,45,35,40,27,40,0,0,0,0,0,143,156,299
63910,Dr. Joseph F. Pollack Academic Center of Excellence,1,1,377,0,1,0,0,0,0,327,0,1,0,0,1,1,704,0,2,0,0,51,78,89,86,67,81,96,84,76,0,0,0,0,380,328,708
63911,Holly Academy,4,4,6,0,321,9,1,4,4,7,0,339,7,7,8,8,13,0,660,16,8,99,89,81,99,93,77,62,70,43,0,0,0,0,345,368,713
63912,Oakland International Academy,0,10,28,1,275,3,0,0,9,26,0,252,3,0,0,19,54,1,527,6,0,53,71,68,66,48,56,51,51,50,29,25,18,21,317,290,607
63913,Walton Charter Academy,0,8,179,0,80,123,0,2,13,163,0,66,135,0,2,21,342,0,146,258,0,90,90,81,86,82,84,87,83,86,0,0,0,0,390,379,769
63914,Advanced Technology Academy,1,1,535,0,6,42,0,0,0,571,0,3,30,0,1,1,1106,0,9,72,0,55,62,63,62,84,86,96,99,117,163,134,97,71,585,604,1189
63915,Arts and Technology Academy of Pontiac,1,0,132,0,14,44,0,1,4,132,0,7,38,0,2,4,264,0,21,82,0,48,41,47,46,46,39,47,25,34,0,0,0,0,191,182,373
63916,Academy of Waterford,1,0,41,0,33,26,7,0,0,60,0,28,27,12,1,0,101,0,61,53,19,26,21,26,27,24,37,25,25,24,0,0,0,0,108,127,235
63917,Bradford Academy,0,0,725,0,2,0,1,0,0,738,1,0,5,0,0,0,1463,1,2,5,1,90,100,100,102,128,130,139,130,134,143,139,137,0,728,744,1472
63918,Laurus Academy,0,0,358,0,4,0,0,0,0,329,0,1,0,0,0,0,687,0,5,0,0,79,110,76,80,81,73,69,76,48,0,0,0,0,362,330,692
63919,Woodmont Academy,0,0,191,0,0,1,1,0,0,179,0,0,1,1,0,0,370,0,0,2,2,56,49,61,69,68,39,32,0,0,0,0,0,0,193,181,374
63920,Life Skills Center of Pontiac,0,0,88,0,14,12,0,0,3,81,1,22,12,0,0,3,169,1,36,24,0,0,0,0,0,0,0,0,0,0,142,38,35,18,114,119,233
63921,Crescent Academy,0,0,192,0,0,0,0,0,0,197,0,2,0,2,0,0,389,0,2,0,2,33,43,39,36,56,42,38,42,49,15,0,0,0,192,201,393
63922,Great Oaks Academy,0,8,257,0,85,8,0,0,4,235,0,78,4,0,0,12,492,0,163,12,0,79,81,79,78,80,80,83,72,47,0,0,0,0,358,321,679
63923,Four Corners Montessori Academy,0,1,14,0,60,0,0,0,2,14,0,85,1,0,0,3,28,0,145,1,0,42,23,28,29,13,11,18,6,7,0,0,0,0,75,102,177
63924,Michigan Mathematics and Science Academy,0,0,36,0,32,0,0,0,1,40,0,18,1,0,0,1,76,0,50,1,0,0,0,0,0,0,46,24,33,25,0,0,0,0,68,60,128
64040,Hart Public School District,0,1,0,0,352,274,28,0,1,0,0,349,235,41,0,2,0,0,701,509,69,140,97,93,98,96,94,78,110,87,98,101,91,98,655,626,1281
64070,Pentwater Public School District,0,0,2,0,120,10,5,0,0,2,0,115,6,5,0,0,4,0,235,16,10,24,21,22,26,14,19,20,18,23,21,19,23,15,137,128,265
64080,Shelby Public Schools,4,2,4,0,581,245,24,3,0,5,0,512,236,33,7,2,9,0,1093,481,57,139,101,101,97,110,107,112,112,102,132,154,137,245,860,789,1649
64090,Walkerville Public Schools,2,0,0,0,107,62,7,1,0,0,0,88,61,10,3,0,0,0,195,123,17,30,37,19,29,25,25,29,27,22,31,31,21,12,178,160,338
65045,West Branch-Rose City Area Schools,13,7,6,3,1125,11,0,6,10,8,1,1109,16,0,19,17,14,4,2234,27,0,175,140,171,145,167,141,178,166,190,196,191,218,237,1165,1150,2315
66045,Ewen-Trout Creek Consolidated School District,0,0,0,0,122,0,10,0,0,0,0,111,0,14,0,0,0,0,233,0,24,18,18,10,12,17,19,22,18,27,31,25,17,23,132,125,257
66050,Ontonagon Area Schools,1,0,2,0,262,0,0,1,0,3,0,247,1,0,2,0,5,0,509,1,0,39,23,30,30,39,41,45,37,46,49,46,41,51,265,252,517
67020,Evart Public Schools,5,1,9,0,527,16,0,1,2,14,0,474,13,0,6,3,23,0,1001,29,0,22,125,81,84,62,72,68,79,68,92,93,91,125,558,504,1062
67050,Marion Public Schools,0,1,9,0,271,3,0,0,1,4,0,267,0,0,0,2,13,0,538,3,0,62,48,34,35,32,39,36,36,46,48,51,49,40,284,272,556
67055,Pine River Area Schools,10,3,10,2,570,25,2,7,2,11,3,595,14,0,17,5,21,5,1165,39,2,111,97,91,72,78,87,93,93,90,117,106,109,110,622,632,1254
67060,Reed City Area Public Schools,2,1,20,2,774,7,0,4,1,26,0,733,9,0,6,2,46,2,1507,16,0,132,101,127,111,120,93,124,129,113,130,140,133,126,806,773,1579
68010,Mio-AuSable Schools,1,4,3,0,349,4,0,2,2,3,0,314,1,0,3,6,6,0,663,5,0,59,48,45,58,46,52,52,54,59,71,42,57,40,361,322,683
68030,Fairview Area School District,1,0,1,0,153,0,0,4,1,1,1,161,0,0,5,1,2,1,314,0,0,24,26,19,17,15,23,17,27,32,29,35,41,18,155,168,323
69020,Gaylord Community Schools,0,6,15,1,1549,13,15,1,9,13,2,1567,13,18,1,15,28,3,3116,26,33,235,233,238,225,238,229,248,243,249,250,271,271,292,1599,1623,3222
69030,Johannesburg-Lewiston Area Schools,3,0,3,0,370,5,0,3,1,3,0,408,1,0,6,1,6,0,778,6,0,63,59,63,63,68,64,63,68,62,71,60,45,48,381,416,797
69040,Vanderbilt Area Schools,2,0,0,0,82,1,0,1,2,0,0,71,3,0,3,2,0,0,153,4,0,10,7,16,13,15,10,13,10,8,11,12,17,20,85,77,162
70000,Ottawa Area ISD,0,1,3,0,34,8,0,0,1,2,0,3,2,0,0,2,5,0,37,10,0,0,0,0,0,2,1,2,5,6,18,12,5,3,46,8,54
70010,Grand Haven Area Public Schools,16,38,46,2,2795,103,30,18,55,37,2,2541,124,42,34,93,83,4,5336,227,72,558,384,385,425,435,401,458,434,460,494,530,458,427,3030,2819,5849
70020,Holland City School District,3,75,162,4,871,812,147,7,93,123,4,850,725,158,10,168,285,8,1721,1537,305,383,299,311,307,269,288,305,259,299,433,343,254,284,2074,1960,4034
70040,Allendale Public School District,5,14,28,7,988,86,7,5,12,25,4,946,63,4,10,26,53,11,1934,149,11,238,180,174,171,163,168,154,152,156,164,142,160,172,1135,1059,2194
70070,West Ottawa Public School District,12,361,123,11,1999,1115,299,14,338,109,6,1960,994,260,26,699,232,17,3959,2109,559,606,559,562,565,623,579,568,639,560,730,564,559,487,3920,3681,7601
70120,Coopersville Area Public School District,5,3,5,2,1186,84,46,0,17,5,0,1076,68,52,5,20,10,2,2262,152,98,199,211,150,184,195,183,198,192,169,216,228,198,226,1331,1218,2549
70175,Jenison Public Schools,11,45,33,0,2046,47,138,2,64,24,2,1971,58,137,13,109,57,2,4017,105,275,452,306,308,332,269,348,316,307,366,354,413,375,432,2320,2258,4578
70190,Hudsonville Public School District,20,46,53,1,2587,113,2,19,73,78,3,2567,104,0,39,119,131,4,5154,217,2,610,420,444,448,437,454,398,432,437,434,385,385,382,2822,2844,5666
70300,Spring Lake Public Schools,3,6,9,4,1211,11,5,5,21,15,2,1089,8,8,8,27,24,6,2300,19,13,210,165,154,186,166,179,154,165,172,182,216,217,231,1249,1148,2397
70350,Zeeland Public Schools,5,141,53,3,2439,242,4,6,145,62,3,2282,229,3,11,286,115,6,4721,471,7,525,399,445,409,398,389,399,419,412,465,479,449,429,2887,2730,5617
70901,Walden Green Montessori,0,2,3,1,108,1,3,0,5,1,1,108,2,6,0,7,4,2,216,3,9,34,31,32,33,27,28,24,16,16,0,0,0,0,118,123,241
70902,West MI Academy of Arts and Academics,1,3,5,0,151,2,8,1,4,10,0,188,2,17,2,7,15,0,339,4,25,47,44,40,44,45,49,45,37,41,0,0,0,0,170,222,392
70904,Black River Public School,0,15,7,2,345,40,0,3,17,13,0,346,42,0,3,32,20,2,691,82,0,43,41,43,42,49,56,83,81,84,88,91,68,61,409,421,830
70905,Vanderbilt Charter Academy,2,1,8,0,103,104,0,0,1,4,0,88,132,0,2,2,12,0,191,236,0,54,77,52,56,48,46,43,34,33,0,0,0,0,218,225,443
70906,Eagle Crest Charter Academy,1,34,4,7,262,45,0,2,43,11,2,245,58,0,3,77,15,9,507,103,0,113,78,75,78,78,77,76,63,76,0,0,0,0,353,361,714
70907,Wavecrest Career Academy,0,4,13,1,49,29,1,0,2,10,1,26,27,0,0,6,23,2,75,56,1,0,0,0,0,0,0,0,0,0,32,42,43,46,97,66,163
71050,Onaway Area Community School District,3,0,6,0,316,5,0,2,0,5,0,360,6,0,5,0,11,0,676,11,0,57,54,48,47,52,59,59,52,64,51,58,54,48,330,373,703
71060,Posen Consolidated School District,0,0,1,0,140,0,2,0,0,0,0,105,0,1,0,0,1,0,245,0,3,17,15,19,19,18,15,17,22,25,20,18,18,26,143,106,249
71080,Rogers City Area Schools,0,1,0,0,273,0,1,0,1,1,0,275,0,3,0,2,1,0,548,0,4,40,39,37,45,33,39,33,39,38,46,52,51,63,275,280,555
71902,Presque Isle Academy II,0,0,0,0,38,1,0,1,0,0,0,19,0,0,1,0,0,0,57,1,0,0,0,0,0,0,0,0,0,0,4,15,12,28,39,20,59
72000,C.O.O.R. ISD,0,0,0,0,1,0,0,0,0,0,0,0,0,0,0,0,0,0,1,0,0,0,0,0,0,0,0,0,0,1,0,0,0,0,1,0,1
72010,Roscommon Area Public Schools,13,4,6,4,771,10,2,24,5,4,0,661,12,10,37,9,10,4,1432,22,12,112,100,88,119,93,123,115,124,123,172,166,100,91,810,716,1526
72020,Houghton Lake Community Schools,7,5,13,0,825,4,0,17,7,12,1,744,4,0,24,12,25,1,1569,8,0,101,87,93,126,116,115,111,101,121,208,159,151,150,854,785,1639
73000,Saginaw ISD,1,0,35,0,22,2,0,0,0,28,0,13,0,0,1,0,63,0,35,2,0,0,0,0,0,0,0,0,6,12,36,25,15,7,60,41,101
73010,Saginaw City School District,6,80,2793,2,963,602,1,7,79,2808,2,934,544,0,13,159,5601,4,1897,1146,1,728,704,684,706,656,669,597,602,564,933,711,665,602,4447,4374,8821
73030,Carrollton School District,8,3,237,0,512,186,0,9,3,276,0,502,174,0,17,6,513,0,1014,360,0,92,117,99,118,121,119,128,137,137,197,156,140,349,946,964,1910
73040,Saginaw Township Community Schools,8,93,315,1,1973,178,183,5,105,336,1,1797,179,159,13,198,651,2,3770,357,342,372,332,342,344,377,360,401,404,363,618,551,441,428,2751,2582,5333
73080,Buena Vista School District,1,0,521,1,37,21,0,0,0,409,0,6,18,0,1,0,930,1,43,39,0,70,64,61,53,43,44,56,53,80,179,121,113,77,581,433,1014
73110,Chesaning Union Schools,0,5,6,2,867,30,10,4,3,2,1,769,51,8,4,8,8,3,1636,81,18,118,157,119,109,138,149,142,142,119,137,122,158,148,920,838,1758
73170,Birch Run Area School District,15,2,16,1,862,36,2,9,4,9,1,855,31,4,24,6,25,2,1717,67,6,137,113,124,134,136,129,155,158,145,163,166,148,139,934,913,1847
73180,Bridgeport-Spaulding Community School District,7,2,290,1,381,136,0,6,6,263,0,346,110,0,13,8,553,1,727,246,0,108,91,101,87,100,134,120,132,126,174,149,135,91,817,731,1548
73190,Frankenmuth School District,0,4,6,1,616,9,7,1,5,1,0,562,5,10,1,9,7,1,1178,14,17,63,66,75,71,75,76,82,86,89,123,143,139,139,643,584,1227
73200,Freeland Community School District,5,7,11,1,883,19,0,2,7,15,0,826,16,0,7,14,26,1,1709,35,0,135,131,126,138,135,127,129,145,122,172,118,159,155,926,866,1792
73210,Hemlock Public School District,7,1,4,1,664,22,0,5,4,8,0,602,23,0,12,5,12,1,1266,45,0,85,88,74,88,90,97,93,99,117,112,125,128,145,699,642,1341
73230,Merrill Community Schools,3,1,5,1,375,9,0,3,1,3,0,357,20,0,6,2,8,1,732,29,0,57,54,58,56,51,63,56,57,64,66,50,70,76,394,384,778
73240,St. Charles Community Schools,4,5,5,0,542,28,0,1,1,4,1,504,26,0,5,6,9,1,1046,54,0,75,78,79,86,74,93,79,81,84,95,98,110,89,584,537,1121
73255,Swan Valley School District,4,2,15,1,879,46,0,2,7,18,3,782,42,0,6,9,33,4,1661,88,0,118,94,108,118,142,121,143,146,141,195,182,164,129,947,854,1801
73905,Saginaw County Transition Academy,0,0,48,0,11,15,0,0,0,42,0,2,10,0,0,0,90,0,13,25,0,0,0,0,0,0,0,0,7,16,66,38,1,0,74,54,128
73908,Saginaw Preparatory Academy,0,0,137,0,2,12,1,0,0,144,0,7,11,6,0,0,281,0,9,23,7,43,39,39,34,42,30,40,35,18,0,0,0,0,152,168,320
73909,Francis Reh PSA,0,0,148,0,7,10,8,3,0,138,0,8,19,2,3,0,286,0,15,29,10,40,39,31,36,34,43,50,40,30,0,0,0,0,173,170,343
73910,North Saginaw Charter Academy,0,4,127,2,69,34,0,2,3,177,0,80,34,0,2,7,304,2,149,68,0,56,60,64,66,62,67,72,49,36,0,0,0,0,236,296,532
73911,Saginaw Learn to Earn Academy,0,0,30,0,17,13,0,0,0,41,0,13,11,0,0,0,71,0,30,24,0,0,0,0,0,0,0,0,0,0,0,71,35,19,60,65,125
73912,International Academy of Saginaw,0,0,88,0,19,6,0,0,0,98,0,8,14,0,0,0,186,0,27,20,0,53,54,45,40,25,16,0,0,0,0,0,0,0,113,120,233
74010,Port Huron Area School District,90,50,584,5,4462,178,0,75,50,512,1,4151,169,0,165,100,1096,6,8613,347,0,817,808,746,776,749,760,748,785,753,875,950,791,769,5369,4958,10327
74030,Algonac Community School District,20,3,7,2,979,11,0,12,4,9,1,946,11,0,32,7,16,3,1925,22,0,151,126,126,141,162,144,168,145,172,199,168,155,148,1022,983,2005
74040,Capac Community School District,4,11,4,2,734,72,0,0,6,8,1,651,86,0,4,17,12,3,1385,158,0,110,108,89,112,104,122,105,124,143,122,128,147,165,827,752,1579
74050,East China School District,12,15,19,0,2471,18,0,12,24,22,2,2415,8,0,24,39,41,2,4886,26,0,304,300,321,301,351,346,370,397,393,433,482,504,516,2535,2483,5018
74100,Marysville Public Schools,6,4,15,0,1323,12,0,8,7,9,3,1269,13,0,14,11,24,3,2592,25,0,248,215,191,194,196,210,197,194,256,199,198,211,160,1360,1309,2669
74120,Memphis Community Schools,1,2,18,0,535,10,0,1,2,10,0,460,9,0,2,4,28,0,995,19,0,78,69,76,68,88,69,80,81,86,87,90,92,84,566,482,1048
74130,Yale Public Schools,6,0,10,1,1114,16,0,1,1,8,1,1041,11,0,7,1,18,2,2155,27,0,125,150,155,162,156,190,173,201,162,187,182,194,173,1147,1063,2210
74901,St. Clair County Learning Academy,0,0,3,0,19,2,0,0,0,1,0,7,0,0,0,0,4,0,26,2,0,0,0,0,0,0,0,1,5,5,14,7,0,0,24,8,32
74902,Industrial Technology Academy,0,0,0,0,0,0,0,0,0,0,0,1,0,0,0,0,0,0,1,0,0,0,0,0,0,0,0,0,0,0,0,0,0,1,0,1,1
74903,Landmark Academy,5,6,15,0,424,9,2,1,2,25,0,400,7,6,6,8,40,0,824,16,8,103,104,95,104,104,78,74,77,46,42,39,36,0,461,441,902
74906,Blue Water Learning Academy,2,0,0,0,19,0,0,1,0,0,0,4,1,0,3,0,0,0,23,1,0,0,0,0,0,0,0,0,0,1,12,5,2,7,21,6,27
74908,Academic Transitional Academy,0,0,0,0,1,0,0,0,0,0,0,1,0,0,0,0,0,0,2,0,0,0,0,0,0,0,0,0,0,0,1,1,0,0,1,1,2
74909,Public Safety Academy of St. Clair,0,0,0,0,1,0,0,0,0,0,0,0,0,0,0,0,0,0,1,0,0,0,0,0,0,0,0,0,0,0,0,0,0,1,1,0,1
74911,St. Clair County Intervention Academy,0,0,9,0,51,1,0,0,0,3,0,7,0,0,0,0,12,0,58,1,0,0,0,0,0,0,0,1,0,1,18,17,7,27,61,10,71
74912,Virtual Learning Academy of St. Clair County,0,0,3,0,55,2,0,0,0,5,0,35,3,0,0,0,8,0,90,5,0,0,0,0,0,0,0,0,0,0,10,54,28,11,60,43,103
75010,Sturgis Public Schools,1,7,30,2,1118,483,23,0,12,29,2,1119,413,25,1,19,59,4,2237,896,48,283,288,233,235,259,220,256,223,220,261,251,251,284,1664,1600,3264
75020,Burr Oak Community School District,0,2,0,0,159,4,0,0,2,0,0,130,2,0,0,4,0,0,289,6,0,24,27,22,24,30,21,14,20,18,17,23,24,35,165,134,299
75030,Centreville Public Schools,2,0,12,0,457,10,0,3,2,14,0,440,5,1,5,2,26,0,897,15,1,68,79,64,66,66,72,58,69,70,90,95,79,70,481,465,946
75040,Colon Community School District,1,0,7,0,345,3,2,0,0,7,0,324,2,2,1,0,14,0,669,5,4,62,64,47,53,57,53,48,48,60,58,45,46,52,358,335,693
75050,Constantine Public School District,3,3,22,2,748,17,2,4,6,12,0,715,19,0,7,9,34,2,1463,36,2,177,106,110,100,110,110,105,112,99,128,119,133,144,797,756,1553
75060,Mendon Community School District,2,2,6,0,355,5,1,2,2,6,0,323,0,0,4,4,12,0,678,5,1,52,52,47,54,47,49,52,48,65,70,58,47,63,371,333,704
75070,White Pigeon Community Schools,1,3,2,0,405,20,7,1,2,0,1,367,12,3,2,5,2,1,772,32,10,84,66,60,53,63,59,57,63,59,71,68,66,55,438,386,824
75080,Three Rivers Community Schools,1,20,172,0,1097,65,65,5,7,128,2,1132,49,52,6,27,300,2,2229,114,117,268,225,192,230,199,183,208,227,189,256,185,218,215,1420,1375,2795
75100,Nottawa Community School,0,2,2,0,62,0,0,0,1,0,0,81,0,0,0,3,2,0,143,0,0,17,21,16,12,17,16,19,12,18,0,0,0,0,66,82,148
76000,Sanilac ISD,0,0,0,0,2,0,0,0,0,0,0,1,0,0,0,0,0,0,3,0,0,0,0,0,0,0,0,0,0,0,0,0,0,3,2,1,3
76060,Brown City Community Schools,3,0,1,0,474,12,0,1,4,3,2,493,7,0,4,4,4,2,967,19,0,85,64,65,74,76,72,78,58,87,78,75,89,99,490,510,1000
76070,Carsonville-Port Sanilac School District,0,0,3,0,307,1,0,1,2,0,0,325,1,0,1,2,3,0,632,2,0,54,41,34,43,45,40,34,32,57,44,52,77,87,311,329,640
76080,Croswell-Lexington Community Schools,0,1,2,0,1098,44,0,0,2,5,2,1045,29,0,0,3,7,2,2143,73,0,159,138,168,159,169,145,166,172,209,200,186,183,174,1145,1083,2228
76090,Deckerville Community School District,1,0,6,0,315,26,0,3,1,2,1,287,17,0,4,1,8,1,602,43,0,60,49,45,45,47,51,43,57,44,47,52,60,59,348,311,659
76140,Marlette Community Schools,1,4,4,0,552,13,0,3,3,10,0,515,12,0,4,7,14,0,1067,25,0,80,65,79,72,76,97,86,85,76,110,98,104,89,574,543,1117
76180,Peck Community School District,0,0,1,0,285,1,0,1,1,6,0,253,3,0,1,1,7,0,538,4,0,52,40,30,45,43,36,45,46,41,59,32,40,42,287,264,551
76210,Sandusky Community School District,2,7,3,1,528,23,0,3,6,4,0,563,17,0,5,13,7,1,1091,40,0,100,88,67,84,81,89,83,78,90,79,113,108,97,564,593,1157
77010,Manistique Area Schools,81,5,0,0,404,5,1,88,1,1,0,398,3,0,169,6,1,0,802,8,1,65,65,58,55,67,77,77,64,81,98,93,110,77,496,491,987
78020,Byron Area Schools,5,0,4,0,611,12,0,1,4,0,0,599,7,0,6,4,4,0,1210,19,0,78,85,90,102,94,109,91,104,93,102,85,107,103,632,611,1243
78030,Durand Area Schools,0,3,4,1,856,19,1,5,2,6,3,824,12,0,5,5,10,4,1680,31,1,129,118,111,127,138,124,133,137,137,145,139,137,161,884,852,1736
78040,Laingsburg Community School District,0,2,8,2,613,17,0,0,0,6,0,582,12,1,0,2,14,2,1195,29,1,102,76,76,79,107,74,93,94,90,111,113,128,100,642,601,1243
78060,Morrice Area Schools,8,1,4,0,288,3,0,1,3,2,0,248,3,0,9,4,6,0,536,6,0,52,45,51,34,41,35,30,60,38,48,39,41,47,304,257,561
78070,New Lothrop Area Public Schools,0,0,2,0,429,2,0,2,0,2,0,401,1,1,2,0,4,0,830,3,1,76,64,63,71,62,89,63,52,56,65,62,53,64,433,407,840
78080,Perry Public School District,0,0,1,0,909,0,0,0,0,0,0,850,0,0,0,0,1,0,1759,0,0,130,105,132,129,131,138,135,126,132,180,145,144,133,910,850,1760
78100,Corunna Public School District,3,2,10,1,1244,21,4,3,2,4,1,1114,4,1,6,4,14,2,2358,25,5,166,187,158,183,188,159,187,178,213,188,236,173,198,1285,1129,2414
78110,Owosso Public Schools,7,8,16,1,1744,25,61,3,13,5,0,1529,37,42,10,21,21,1,3273,62,103,273,246,249,265,223,232,246,261,241,356,314,303,282,1862,1629,3491
79000,Tuscola ISD,0,0,80,0,26,2,0,0,0,18,0,17,2,0,0,0,98,0,43,4,0,0,0,0,0,0,0,0,0,11,75,40,13,6,108,37,145
79010,Akron-Fairgrove Schools,0,1,0,0,151,14,0,3,0,0,0,133,20,0,3,1,0,0,284,34,0,27,19,22,19,24,15,27,29,26,27,23,33,31,166,156,322
79020,Caro Community Schools,4,8,6,0,971,21,7,2,13,3,0,922,27,6,6,21,9,0,1893,48,13,171,136,145,124,142,130,147,165,159,164,151,145,211,1017,973,1990
79030,Cass City Public Schools,6,1,3,0,608,10,0,2,2,2,0,559,11,0,8,3,5,0,1167,21,0,122,90,82,69,76,73,80,95,91,108,110,113,95,628,576,1204
79080,Kingston Community School District,3,0,4,0,319,3,0,0,1,4,0,283,4,0,3,1,8,0,602,7,0,48,54,42,53,40,50,52,40,50,49,54,38,51,329,292,621
79090,Mayville Community School District,4,2,8,2,446,8,0,3,0,4,2,404,10,0,7,2,12,4,850,18,0,62,60,45,59,71,72,67,74,78,72,66,84,83,470,423,893
79100,Millington Community Schools,6,2,11,0,752,10,2,5,9,10,0,673,14,0,11,11,21,0,1425,24,2,109,87,90,99,74,103,92,113,106,142,150,139,190,783,711,1494
79110,Reese Public Schools,3,16,8,3,455,30,0,3,10,10,1,428,21,0,6,26,18,4,883,51,0,69,61,55,67,65,70,63,80,69,107,88,98,96,515,473,988
79145,Unionville-Sebewaing Area S.D.,0,0,1,1,446,23,0,0,2,0,0,451,23,0,0,2,1,1,897,46,0,78,69,74,72,76,64,84,56,84,68,74,68,80,471,476,947
79150,Vassar Public Schools,3,0,222,0,692,27,0,1,1,54,0,693,23,0,4,1,276,0,1385,50,0,110,118,82,97,94,99,94,101,128,300,204,136,153,944,772,1716
80010,South Haven Public Schools,11,8,114,0,874,151,24,8,6,121,0,792,139,28,19,14,235,0,1666,290,52,184,143,178,179,176,136,199,204,153,196,203,166,159,1182,1094,2276
80020,Bangor Public Schools,7,2,71,0,414,193,5,3,2,44,0,376,161,2,10,4,115,0,790,354,7,105,80,87,103,89,98,98,76,113,98,136,111,86,692,588,1280
80040,Covert Public Schools,4,0,174,1,46,164,3,1,0,141,0,49,142,3,5,0,315,1,95,306,6,66,60,57,50,48,46,51,57,46,79,75,53,40,392,336,728
80050,Decatur Public Schools,4,3,25,0,389,91,4,7,3,18,4,381,77,1,11,6,43,4,770,168,5,97,46,79,76,78,86,73,74,74,96,84,73,71,516,491,1007
80090,Bloomingdale Public School District,4,1,36,0,510,175,3,1,0,34,1,472,176,1,5,1,70,1,982,351,4,162,99,115,114,106,124,99,83,91,107,120,103,91,729,685,1414
80110,Gobles Public School District,6,2,6,0,472,17,7,0,3,5,0,435,7,7,6,5,11,0,907,24,14,82,68,73,66,64,86,72,74,68,81,73,84,76,510,457,967
80120,Hartford Public School District,14,1,10,0,446,275,5,19,1,27,0,468,242,3,33,2,37,0,914,517,8,116,104,121,110,84,99,117,87,100,171,213,115,74,751,760,1511
80130,Lawrence Public School District,0,0,5,0,273,110,10,0,2,7,0,259,77,4,0,2,12,0,532,187,14,65,55,58,54,62,58,47,65,55,60,63,55,50,398,349,747
80140,Lawton Community School District,2,0,4,2,503,55,17,3,2,5,0,421,62,15,5,2,9,2,924,117,32,99,64,59,82,91,91,76,86,86,77,138,74,68,583,508,1091
80150,Mattawan Consolidated School,16,19,40,0,1805,31,29,10,34,46,2,1746,32,23,26,53,86,2,3551,63,52,322,273,261,280,310,302,342,293,296,288,285,298,283,1940,1893,3833
80160,Paw Paw Public School District,4,3,19,1,1158,49,16,1,4,16,1,1062,44,6,5,7,35,2,2220,93,22,166,170,147,161,159,168,163,182,166,211,206,207,278,1250,1134,2384
80240,Bangor Township S/D #8,0,0,0,0,10,0,0,0,0,0,0,11,0,0,0,0,0,0,21,0,0,5,7,1,3,1,3,0,1,0,0,0,0,0,10,11,21
81000,Washtenaw ISD,0,0,9,0,13,0,1,0,0,2,1,3,0,0,0,0,11,1,16,0,1,0,0,0,0,0,0,1,1,5,7,9,5,1,23,6,29
81010,Ann Arbor Public Schools,20,1179,1228,1,4916,429,753,38,1168,1207,0,4538,394,708,58,2347,2435,1,9454,823,1461,1381,1232,1214,1236,1205,1159,1188,1167,1180,1444,1391,1369,1413,8526,8053,16579
81020,School District of Ypsilanti,9,17,1281,4,595,108,0,3,23,1196,5,538,81,0,12,40,2477,9,1133,189,0,291,268,293,265,273,291,283,276,265,356,384,346,269,2014,1846,3860
81040,Chelsea School District,7,23,40,6,1300,26,1,8,16,7,5,1142,24,0,15,39,47,11,2442,50,1,174,160,162,196,183,187,196,202,178,235,246,237,249,1403,1202,2605
81050,Dexter Community School District,7,25,17,1,1769,27,8,5,21,11,0,1726,18,4,12,46,28,1,3495,45,12,288,249,248,259,253,262,280,306,282,313,320,278,301,1854,1785,3639
81070,Lincoln Consolidated School District,17,55,736,10,1518,83,3,17,48,729,4,1486,89,2,34,103,1465,14,3004,172,5,402,360,358,354,340,306,407,355,377,390,397,425,326,2422,2375,4797
81080,Manchester Community Schools,0,6,4,1,571,32,8,0,4,3,0,562,32,9,0,10,7,1,1133,64,17,84,91,88,98,77,80,98,116,91,108,102,107,92,622,610,1232
81100,Milan Area Schools,32,12,117,2,1210,45,0,32,12,112,3,1053,39,1,64,24,229,5,2263,84,1,140,183,169,170,178,178,202,215,193,257,268,264,253,1418,1252,2670
81120,Saline Area Schools,7,106,69,5,2545,59,3,4,109,50,5,2362,78,2,11,215,119,10,4907,137,5,382,347,362,404,368,387,405,413,436,502,474,445,479,2794,2610,5404
81140,Whitmore Lake Public Schools,1,5,4,0,596,2,1,3,0,2,0,583,3,1,4,5,6,0,1179,5,2,97,101,89,87,81,77,72,93,85,113,111,105,90,609,592,1201
81150,Willow Run Community Schools,6,10,666,0,282,42,9,4,12,550,1,239,34,5,10,22,1216,1,521,76,14,336,153,141,149,163,119,133,119,100,112,116,111,108,1015,845,1860
81901,Honey Creek Community School,0,9,8,0,92,1,10,0,11,7,0,73,1,8,0,20,15,0,165,2,18,28,25,28,28,30,20,26,20,15,0,0,0,0,120,100,220
81902,Central Academy,0,10,46,0,186,0,2,0,18,48,1,195,4,4,0,28,94,1,381,4,6,50,43,49,51,47,45,44,42,40,39,20,21,23,244,270,514
81903,Washtenaw Technical Middle College,0,5,35,1,148,2,1,0,8,38,0,141,3,0,0,13,73,1,289,5,1,0,0,0,0,0,0,0,0,0,0,146,128,108,192,190,382
81904,Ann Arbor Learning Community,0,6,7,0,112,3,29,2,5,18,0,66,2,14,2,11,25,0,178,5,43,35,54,36,26,38,24,26,16,9,0,0,0,0,157,107,264
81905,South Arbor Charter Academy,4,25,70,0,274,13,0,2,32,72,1,257,17,0,6,57,142,1,531,30,0,85,79,80,81,82,94,92,89,85,0,0,0,0,386,381,767
81906,Fortis Academy,1,39,173,3,117,20,0,0,36,203,3,120,22,0,1,75,376,6,237,42,0,84,79,78,80,105,84,85,79,63,0,0,0,0,353,384,737
81907,Victory Academy Charter School,0,0,61,0,4,2,1,0,0,74,0,1,5,1,0,0,135,0,5,7,2,29,30,27,27,24,12,0,0,0,0,0,0,0,68,81,149
81908,Eastern Washtenaw Multicultural Academy,1,10,47,0,56,6,1,0,8,45,1,73,5,1,1,18,92,1,129,11,2,31,19,36,14,18,17,15,21,18,26,17,16,6,121,133,254
82010,Detroit City School District,135,408,39183,0,1135,3687,0,139,390,38235,0,1084,3481,0,274,798,77418,0,2219,7168,0,6519,7229,6892,6816,6671,6504,6202,6058,5770,10324,7384,6094,5414,44548,43329,87877
82020,Allen Park Public Schools,6,6,41,2,1742,159,0,4,7,29,1,1621,151,0,10,13,70,3,3363,310,0,221,245,244,244,265,275,291,292,329,309,348,354,352,1956,1813,3769
82030,Dearborn City School District,24,77,446,4,8891,196,0,16,68,460,1,8115,177,0,40,145,906,5,17006,373,0,1467,1426,1509,1379,1391,1362,1342,1362,1403,1890,1706,1104,1134,9638,8837,18475
82040,Dearborn Heights School District #7,5,7,177,0,1121,94,0,8,9,179,0,1115,112,0,13,16,356,0,2236,206,0,207,187,229,198,245,235,243,222,230,231,324,135,141,1404,1423,2827
82045,Melvindale-North Allen Park Schools,13,11,217,0,761,377,0,14,10,214,0,810,340,0,27,21,431,0,1571,717,0,197,189,219,232,208,200,213,226,219,304,269,130,161,1379,1388,2767
82050,Garden City School District,10,21,299,0,2320,72,0,8,18,241,0,2042,53,0,18,39,540,0,4362,125,0,288,307,333,348,333,363,410,353,357,546,553,454,439,2722,2362,5084
82055,Grosse Pointe Public Schools,10,83,644,5,3510,54,0,3,92,619,1,3278,63,0,13,175,1263,6,6788,117,0,414,519,587,600,614,619,631,642,695,740,758,766,777,4306,4056,8362
82060,Hamtramck Public Schools,4,403,542,0,782,14,0,2,342,465,0,571,8,0,6,745,1007,0,1353,22,0,219,283,221,242,226,229,236,198,205,423,274,184,193,1745,1388,3133
82070,Highland Park City Schools,0,0,975,0,0,0,0,0,0,863,0,1,1,0,0,0,1838,0,1,1,0,78,80,98,73,104,94,105,112,134,200,358,209,195,975,865,1840
82080,School District of the City of Inkster,3,6,1657,0,15,2,0,3,5,1564,0,17,4,0,6,11,3221,0,32,6,0,164,171,177,188,181,205,196,183,188,337,430,393,463,1683,1593,3276
82090,Lincoln Park Public Schools,8,10,230,0,1703,464,0,10,8,224,0,1469,435,0,18,18,454,0,3172,899,0,381,405,336,368,340,345,365,346,330,388,479,279,199,2415,2146,4561
82095,Livonia Public Schools,8,228,584,2,7027,150,248,9,235,529,0,6725,111,243,17,463,1113,2,13752,261,491,1011,1024,1013,1050,1091,1113,1180,1258,1281,1578,1524,1433,1543,8247,7852,16099
82100,Plymouth-Canton Community Schools,47,1169,865,31,7387,195,0,34,1012,904,18,7127,192,0,81,2181,1769,49,14514,387,0,1220,1358,1357,1414,1449,1478,1402,1445,1443,1735,1684,1540,1456,9694,9287,18981
82110,Redford Union School District,20,11,634,7,1067,35,0,11,13,545,8,914,45,0,31,24,1179,15,1981,80,0,175,191,175,184,227,241,251,259,291,314,343,325,334,1774,1536,3310
82120,River Rouge School District,4,0,503,0,117,90,0,3,0,410,1,75,90,0,7,0,913,1,192,180,0,86,101,74,85,94,98,85,80,104,187,133,88,78,714,579,1293
82130,Romulus Community Schools,6,1,1303,0,691,22,0,8,6,1176,0,611,36,0,14,7,2479,0,1302,58,0,244,259,303,289,265,244,312,272,282,278,305,368,439,2023,1837,3860
82140,South Redford School District,17,14,989,0,675,59,0,26,11,964,1,611,54,0,43,25,1953,1,1286,113,0,256,218,251,258,248,242,259,269,251,304,324,271,270,1754,1667,3421
82150,Taylor School District,35,52,1086,0,2905,237,0,37,55,948,0,2735,204,0,72,107,2034,0,5640,441,0,552,586,571,553,579,586,604,722,653,697,711,708,772,4315,3979,8294
82155,Trenton Public Schools,4,17,20,1,1401,37,0,3,17,25,2,1284,42,0,7,34,45,3,2685,79,0,174,175,202,199,214,224,234,215,230,234,246,247,259,1480,1373,2853
82160,Wayne-Westland Community School District,54,115,1776,1,4350,278,0,42,114,1711,5,4138,231,0,96,229,3487,6,8488,509,0,978,925,961,991,952,887,930,975,936,1497,1043,896,844,6574,6241,12815
82170,Wyandotte City School District,9,11,66,0,1915,114,0,14,9,59,0,1804,98,0,23,20,125,0,3719,212,0,288,287,319,285,276,287,322,334,371,424,316,320,270,2115,1984,4099
82180,Flat Rock Community Schools,2,10,38,0,870,28,0,6,6,37,0,901,36,0,8,16,75,0,1771,64,0,174,130,151,151,149,138,159,146,157,180,156,111,132,948,986,1934
82230,Crestwood School District,1,19,142,0,1597,33,0,2,34,130,0,1451,32,0,3,53,272,0,3048,65,0,193,199,235,206,236,261,279,313,290,360,301,266,302,1792,1649,3441
82240,Westwood Community Schools,0,10,960,1,372,24,0,2,8,824,2,335,20,0,2,18,1784,3,707,44,0,158,165,158,148,124,134,131,145,158,313,456,318,150,1367,1191,2558
82250,Ecorse Public School District,1,0,386,0,91,41,0,2,0,317,0,85,35,0,3,0,703,0,176,76,0,54,80,50,61,64,70,65,73,71,97,83,85,105,519,439,958
82290,Gibraltar School District,22,33,132,18,1640,72,0,37,37,102,10,1534,68,0,59,70,234,28,3174,140,0,338,245,245,271,300,244,302,314,289,352,327,225,253,1917,1788,3705
82300,Grosse Ile Township Schools,14,20,3,0,866,25,0,15,28,5,0,841,24,0,29,48,8,0,1707,49,0,122,87,117,125,143,146,147,139,166,155,172,168,154,928,913,1841
82320,City of Harper Woods Schools,3,9,558,0,141,9,0,2,6,485,0,119,13,0,5,15,1043,0,260,22,0,76,82,77,87,92,103,107,107,120,118,139,139,98,720,625,1345
82340,Huron School District,11,7,53,0,1170,36,0,16,11,29,0,1129,32,0,27,18,82,0,2299,68,0,164,156,146,175,200,182,201,201,202,242,228,210,187,1277,1217,2494
82365,Woodhaven-Brownstown School District,27,101,305,1,1950,183,0,21,124,281,0,1909,149,0,48,225,586,1,3859,332,0,364,340,386,389,385,384,381,390,360,428,396,424,424,2567,2484,5051
82390,Northville Public Schools,3,495,106,0,2885,49,0,1,469,114,0,2826,70,0,4,964,220,0,5711,119,0,439,497,524,529,526,573,571,586,594,551,511,585,532,3538,3480,7018
82400,Riverview Community School District,0,13,42,4,1242,60,0,2,17,50,1,1206,52,0,2,30,92,5,2448,112,0,206,171,157,203,202,188,210,210,226,283,226,220,187,1361,1328,2689
82405,Southgate Community School District,32,27,276,2,2339,241,7,27,29,208,7,2311,194,2,59,56,484,9,4650,435,9,336,335,300,361,355,380,413,388,431,481,738,544,640,2924,2778,5702
82430,Van Buren Public Schools,4,58,1148,1,1560,77,0,10,40,1172,2,1507,78,0,14,98,2320,3,3067,155,0,461,416,448,446,391,418,409,423,414,435,444,515,437,2848,2809,5657
82701,University Preparatory Science and Math (PSAD),0,1,205,0,4,0,0,0,1,166,0,0,5,0,0,2,371,0,4,5,0,0,0,0,0,0,0,154,155,73,0,0,0,0,210,172,382
82702,University Preparatory Academy,0,1,790,0,2,2,0,2,2,856,0,1,1,0,2,3,1646,0,3,3,0,112,113,126,127,124,125,135,134,134,134,138,137,118,795,862,1657
82703,Henry Ford Academy: School for Creative Studies (PSAD),0,0,175,0,2,3,0,0,0,195,1,3,3,0,0,0,370,1,5,6,0,0,0,0,0,0,0,129,130,0,123,0,0,0,180,202,382
82716,Vista Meadows Academy,1,0,27,0,0,0,0,0,0,25,0,8,0,0,1,0,52,0,8,0,0,0,0,0,0,0,0,0,0,0,16,17,18,10,28,33,61
82717,Achieve Charter Academy,0,133,38,0,112,6,0,2,129,34,0,103,6,0,2,262,72,0,215,12,0,75,81,83,82,81,81,80,0,0,0,0,0,0,289,274,563
82718,Quest Charter Academy,0,1,72,0,95,7,0,0,0,74,0,75,7,0,0,1,146,0,170,14,0,74,61,60,49,46,41,0,0,0,0,0,0,0,175,156,331
82719,Washington-Parks Academy,0,0,168,0,0,0,0,0,0,154,0,1,0,0,0,0,322,0,1,0,0,64,63,46,25,25,28,24,23,25,0,0,0,0,168,155,323
82720,Lincoln-King Academy,0,0,140,0,0,0,0,0,0,144,0,0,0,0,0,0,284,0,0,0,0,67,46,41,41,38,34,17,0,0,0,0,0,0,140,144,284
82721,McGivney Academy (SDA),0,0,12,0,1,0,0,0,0,0,0,0,0,0,0,0,12,0,1,0,0,0,0,0,0,0,0,0,0,0,1,1,1,10,13,0,13
82902,Casa Richard Academy,0,0,48,0,6,10,0,0,0,49,0,8,15,0,0,0,97,0,14,25,0,0,0,0,0,0,0,0,0,0,53,32,27,24,64,72,136
82903,Aisha Shule/WEB Dubois Prep. Academy School,0,0,126,0,0,0,0,0,0,116,0,0,0,0,0,0,242,0,0,0,0,13,12,20,18,7,19,16,20,25,34,27,16,15,126,116,242
82904,Plymouth Educational Center,0,0,598,0,1,0,0,0,0,544,0,0,0,0,0,0,1142,0,1,0,0,68,94,84,115,120,100,120,114,101,110,117,0,0,599,544,1143
82905,Nataki Talibah Schoolhouse of Detroit,0,0,209,0,0,0,0,0,0,187,0,0,0,0,0,0,396,0,0,0,0,40,38,37,49,52,51,36,40,53,0,0,0,0,209,187,396
82907,Michigan Technical Academy,0,2,614,0,4,0,4,0,1,614,0,0,1,2,0,3,1228,0,4,1,6,89,76,76,88,75,72,88,98,91,139,147,115,88,624,618,1242
82909,Academy of Detroit-West,1,0,147,0,0,0,1,0,0,169,1,0,0,2,1,0,316,1,0,0,3,47,42,43,46,49,43,51,0,0,0,0,0,0,149,172,321
82910,"Martin Luther King, Jr. Education Center Academy",0,0,157,0,0,0,0,0,0,157,0,0,0,0,0,0,314,0,0,0,0,58,47,48,32,31,29,32,24,13,0,0,0,0,157,157,314
82911,Gaudior Academy,0,2,61,0,17,3,6,0,0,73,0,19,5,5,0,2,134,0,36,8,11,12,20,22,22,25,24,24,19,23,0,0,0,0,89,102,191
82912,Academy of Westland,1,1,191,0,6,0,3,1,0,205,1,5,2,5,2,1,396,1,11,2,8,40,45,45,41,50,37,36,60,67,0,0,0,0,202,219,421
82913,Woodward Academy,0,0,292,0,0,0,0,0,1,264,0,0,0,0,0,1,556,0,0,0,0,52,62,55,63,70,68,56,65,66,0,0,0,0,292,265,557
82914,Colin Powell Academy,0,0,322,0,1,0,0,0,0,267,0,1,0,0,0,0,589,0,2,0,0,51,46,44,44,53,49,88,126,90,0,0,0,0,323,268,591
82915,Eaton Academy,0,0,216,0,7,0,0,0,0,235,0,9,0,0,0,0,451,0,16,0,0,41,44,34,50,24,28,20,28,40,34,36,44,44,223,244,467
82916,Summit Academy,0,1,24,2,183,6,4,0,2,25,1,145,6,6,0,3,49,3,328,12,10,50,56,48,54,50,60,37,25,25,0,0,0,0,220,185,405
82917,Michigan Health Academy,0,0,26,0,8,3,0,0,3,146,1,12,2,2,0,3,172,1,20,5,2,0,0,0,0,0,0,0,0,0,66,45,56,36,37,166,203
82918,Cesar Chavez Academy,4,2,28,1,59,832,10,1,1,38,1,61,794,12,5,3,66,2,120,1626,22,125,124,81,102,123,120,174,185,192,198,175,144,101,936,908,1844
82919,Commonwealth Community Devel. Academy,0,0,128,0,0,0,0,0,0,124,0,0,0,0,0,0,252,0,0,0,0,27,18,35,25,38,22,24,38,25,0,0,0,0,128,124,252
82921,Academy for Business and Technology,2,2,211,0,46,62,0,0,1,229,0,35,65,0,2,3,440,0,81,127,0,50,68,51,45,42,38,22,34,35,78,70,52,68,323,330,653
82922,Nsoroma Institute,0,0,103,0,0,0,0,0,0,90,0,0,0,0,0,0,193,0,0,0,0,17,21,22,26,22,27,19,23,16,0,0,0,0,103,90,193
82923,Chandler Park Academy,0,0,774,16,2,1,0,0,1,905,17,0,0,0,0,1,1679,33,2,1,0,120,99,149,128,165,114,145,145,162,177,167,145,0,793,923,1716
82924,Marvin L. Winans Academy of Performing Arts,0,0,566,1,0,0,0,0,0,839,1,0,0,0,0,0,1405,2,0,0,0,126,136,134,137,142,142,136,114,107,69,56,55,53,567,840,1407
82925,Detroit Community Schools,0,0,518,0,3,0,9,0,0,520,0,3,1,4,0,0,1038,0,6,1,13,54,42,48,40,49,48,62,63,28,152,179,172,121,530,528,1058
82926,Henry Ford Academy,0,0,162,0,56,8,0,1,0,206,0,39,7,0,1,0,368,0,95,15,0,0,0,0,0,0,0,0,0,0,146,121,103,109,226,253,479
82927,HEART Academy,0,0,53,0,0,0,0,0,0,167,0,0,0,0,0,0,220,0,0,0,0,0,0,0,0,0,0,0,0,0,72,53,54,41,53,167,220
82928,The Dearborn Academy,0,2,52,1,195,7,0,0,1,52,0,160,11,0,0,3,104,1,355,18,0,61,50,53,62,42,55,51,55,52,0,0,0,0,257,224,481
82929,Detroit Academy of Arts and Sciences,0,0,904,0,3,0,0,0,0,946,0,1,1,0,0,0,1850,0,4,1,0,106,128,145,155,152,148,141,114,107,187,196,149,127,907,948,1855
82930,Dove Academy of Detroit,0,0,244,0,1,0,0,0,0,222,0,2,0,0,0,0,466,0,3,0,0,99,74,70,68,56,42,38,22,0,0,0,0,0,245,224,469
82933,Timbuktu Academy of Science and Technology,0,0,156,0,0,0,0,0,0,180,0,0,0,0,0,0,336,0,0,0,0,39,30,22,39,41,34,41,44,46,0,0,0,0,156,180,336
82937,George Crockett Academy,0,0,214,0,0,2,0,0,0,213,1,1,0,0,0,0,427,1,1,2,0,42,46,47,39,50,41,41,52,29,11,18,5,10,216,215,431
82938,Summit Academy North,3,21,219,3,474,46,2,2,7,216,0,433,47,12,5,28,435,3,907,93,14,99,98,84,83,92,82,125,145,155,160,152,105,105,768,717,1485
82939,Pierre Toussaint Academy,0,0,211,0,1,0,0,0,0,243,0,0,0,0,0,0,454,0,1,0,0,41,57,45,48,49,52,47,57,49,10,0,0,0,212,243,455
82940,Voyageur Academy,0,0,291,0,9,68,0,0,0,360,0,20,49,0,0,0,651,0,29,117,0,53,56,41,49,49,44,42,46,63,86,87,99,82,368,429,797
82941,Star International Academy,0,14,17,0,576,3,3,0,22,24,0,641,2,2,0,36,41,0,1217,5,5,174,120,119,104,96,97,104,109,91,95,73,76,46,613,691,1304
82942,Hope Academy,0,0,251,0,0,0,0,0,0,245,0,0,0,0,0,0,496,0,0,0,0,75,71,74,74,68,71,63,0,0,0,0,0,0,251,245,496
82943,Weston Preparatory Academy,0,0,202,0,0,0,0,0,0,202,0,2,0,0,0,0,404,0,2,0,0,11,21,22,26,20,25,29,24,28,69,48,28,55,202,204,406
82945,Edison Public School Academy,0,0,523,0,0,0,0,0,0,552,0,0,0,0,0,0,1075,0,0,0,0,131,114,118,128,125,108,119,114,118,0,0,0,0,523,552,1075
82947,David Ellis Academy,0,0,135,0,0,0,0,0,0,185,0,0,0,0,0,0,320,0,0,0,0,31,28,29,50,47,49,31,28,27,0,0,0,0,135,185,320
82948,Ross Hill Academy,0,0,88,0,0,0,0,0,0,98,0,0,0,0,0,0,186,0,0,0,0,14,10,13,11,10,15,12,8,14,13,17,23,26,88,98,186
82949,Center for Literacy and Creativity,0,0,64,0,0,0,0,0,0,52,0,0,0,0,0,0,116,0,0,0,0,13,14,12,11,15,10,11,13,17,0,0,0,0,64,52,116
82950,Universal Academy,0,0,13,0,204,7,0,0,0,22,0,246,8,0,0,0,35,0,450,15,0,38,39,36,22,29,30,41,54,50,55,56,31,19,224,276,500
82953,Detroit Service Learning Academy,0,0,555,0,1,0,0,0,0,570,0,2,0,0,0,0,1125,0,3,0,0,121,128,128,123,127,117,132,127,125,0,0,0,0,556,572,1128
82955,Allen Academy,0,0,475,0,0,0,0,0,0,585,0,0,0,0,0,0,1060,0,0,0,0,72,92,97,118,94,87,81,93,71,67,66,63,59,475,585,1060
82956,Old Redford Academy,0,0,928,0,1,0,0,1,0,974,1,1,1,0,1,0,1902,1,2,1,0,140,113,121,107,123,90,130,138,141,275,286,142,101,929,978,1907
82957,Hope of Detroit Academy,0,0,41,0,6,179,0,0,0,54,0,5,203,0,0,0,95,0,11,382,0,52,52,52,52,52,53,49,49,44,7,7,8,11,226,262,488
82958,Joy Preparatory Academy,0,0,246,0,2,0,0,0,0,215,0,1,0,0,0,0,461,0,3,0,0,53,58,41,46,43,55,49,58,61,0,0,0,0,248,216,464
82959,West Village Academy,1,1,158,0,41,4,0,1,3,159,0,28,7,0,2,4,317,0,69,11,0,45,45,47,39,48,46,55,37,41,0,0,0,0,205,198,403
82960,Cherry Hill School of Performing Arts,0,0,480,1,1,1,2,1,2,562,0,2,2,1,1,2,1042,1,3,3,3,43,55,38,59,51,66,73,80,96,145,133,107,109,485,570,1055
82961,Academy of Inkster,2,0,83,0,0,1,0,1,0,110,0,0,1,2,3,0,193,0,0,2,2,0,0,0,0,0,0,0,0,0,59,62,34,45,86,114,200
82962,New Beginnings Academy,0,0,78,0,4,2,6,0,0,86,0,3,1,4,0,0,164,0,7,3,10,46,33,31,30,21,23,0,0,0,0,0,0,0,90,94,184
82963,George Washington Carver Academy,0,0,260,0,0,0,0,0,0,235,0,0,0,0,0,0,495,0,0,0,0,55,53,51,57,46,57,55,61,60,0,0,0,0,260,235,495
82964,Detroit Midtown Academy,0,0,195,0,0,0,0,0,0,127,0,0,0,0,0,0,322,0,0,0,0,0,0,0,0,0,0,0,14,24,70,79,61,74,195,127,322
82967,Metro Charter Academy,0,10,247,1,107,8,0,0,5,258,1,79,5,0,0,15,505,2,186,13,0,80,87,86,84,82,89,76,77,60,0,0,0,0,373,348,721
82968,Canton Charter Academy,1,132,23,0,211,4,0,0,129,26,2,180,3,0,1,261,49,2,391,7,0,80,81,78,78,77,78,78,80,81,0,0,0,0,371,340,711
82969,Creative Montessori Academy,0,21,79,0,202,32,0,0,21,90,0,177,32,0,0,42,169,0,379,64,0,111,100,85,85,76,63,58,37,39,0,0,0,0,334,320,654
82970,Warrendale Charter Academy,0,0,353,0,5,6,0,0,0,349,0,5,11,0,0,0,702,0,10,17,0,73,84,81,81,81,84,80,82,83,0,0,0,0,364,365,729
82971,Blanche Kelso Bruce Academy,1,0,360,4,35,7,10,1,0,62,0,9,0,1,2,0,422,4,44,7,11,0,0,0,0,0,5,8,39,82,164,135,45,12,417,73,490
82973,Trillium Academy,0,1,101,0,202,8,10,1,5,106,2,265,15,11,1,6,207,2,467,23,21,61,51,61,58,67,54,53,54,52,55,69,62,30,322,405,727
82974,Detroit Merit Charter Academy,0,0,323,0,2,0,0,0,0,390,0,1,1,0,0,0,713,0,3,1,0,105,81,77,81,78,80,80,76,59,0,0,0,0,325,392,717
82975,Riverside Academy,0,2,23,0,424,10,2,0,1,24,1,529,8,3,0,3,47,1,953,18,5,111,103,101,83,83,72,86,82,56,79,74,59,38,461,566,1027
82976,Keystone Academy,2,14,54,0,283,8,0,1,16,76,1,283,8,0,3,30,130,1,566,16,0,123,81,80,80,80,80,80,74,68,0,0,0,0,361,385,746
82977,Hamtramck Academy,0,116,114,0,16,2,0,0,98,116,0,17,1,0,0,214,230,0,33,3,0,75,59,44,54,60,54,43,52,39,0,0,0,0,248,232,480
82978,Life Skills Center of Metropolitan Detroit,0,0,177,0,1,0,1,0,0,161,0,0,1,0,0,0,338,0,1,1,1,0,0,0,0,0,0,0,0,0,152,94,53,42,179,162,341
82979,Detroit Enterprise Academy,0,0,322,0,0,0,0,0,0,379,0,0,0,0,0,0,701,0,0,0,0,81,69,80,79,74,81,84,78,75,0,0,0,0,322,379,701
82980,"Business Entrepreneurship, Science, Tech. Academy",0,0,232,0,0,0,0,0,0,203,0,0,0,2,0,0,435,0,0,0,2,51,46,58,52,45,47,49,50,39,0,0,0,0,232,205,437
82981,American Montessori Academy,2,15,70,0,103,4,18,1,7,57,0,142,7,20,3,22,127,0,245,11,38,126,81,47,68,53,44,27,0,0,0,0,0,0,212,234,446
82982,Universal Learning Academy,0,0,7,0,218,2,0,0,0,12,0,227,3,0,0,0,19,0,445,5,0,115,102,78,69,62,43,0,0,0,0,0,0,0,227,242,469
82983,Bridge Academy,0,85,20,0,184,3,0,0,82,24,0,186,2,0,0,167,44,0,370,5,0,74,75,74,74,73,74,52,47,43,0,0,0,0,292,294,586
82984,Dr. Charles Drew Academy,1,0,106,1,43,47,0,1,0,117,1,28,51,1,2,0,223,2,71,98,1,65,53,52,56,52,40,33,26,20,0,0,0,0,198,199,397
82985,Detroit Premier Academy,1,0,359,0,3,1,0,0,0,372,0,1,2,0,1,0,731,0,4,3,0,86,87,77,79,84,86,88,85,67,0,0,0,0,364,375,739
82986,Hanley International Academy,0,21,162,0,107,3,9,3,22,176,0,96,3,12,3,43,338,0,203,6,21,95,88,91,64,70,47,59,64,36,0,0,0,0,302,312,614
82987,Frontier International Academy,0,36,11,0,103,0,1,0,55,14,0,105,0,1,0,91,25,0,208,0,2,0,0,0,0,0,0,15,51,29,82,52,55,42,151,175,326
82988,Discovery Arts and Technology PSA,0,0,104,0,0,0,1,0,0,114,0,1,0,0,0,0,218,0,1,0,1,26,34,36,39,30,22,10,15,8,0,0,0,0,105,115,220
82989,Covenant House Life Skills Center West,0,2,75,0,14,36,0,1,0,61,1,18,41,1,1,2,136,1,32,77,1,0,0,0,0,0,0,0,0,0,111,66,35,38,127,123,250
82990,Covenant House Life Skills Center East,0,0,187,0,0,0,0,0,0,125,0,1,0,0,0,0,312,0,1,0,0,0,0,0,0,0,0,0,0,0,154,71,50,38,187,126,313
82991,Covenant House Life Skills Center Central,0,1,188,0,1,0,0,0,0,116,0,0,0,0,0,1,304,0,1,0,0,0,0,0,0,0,0,0,0,0,132,95,54,25,190,116,306
82992,Northpointe Academy,0,0,149,0,0,0,0,0,0,120,0,0,0,0,0,0,269,0,0,0,0,35,21,33,40,37,29,23,27,24,0,0,0,0,149,120,269
82994,David Ellis Academy West,0,0,381,0,5,1,1,0,3,438,0,5,0,0,0,3,819,0,10,1,1,105,107,113,68,85,81,93,88,94,0,0,0,0,388,446,834
82995,Taylor Exemplar Academy,3,6,88,0,233,13,0,0,12,88,0,216,18,0,3,18,176,0,449,31,0,80,84,82,83,80,82,81,55,50,0,0,0,0,343,334,677
82996,Clara B. Ford Academy (SDA),0,0,0,0,0,0,0,0,1,135,0,47,1,0,0,1,135,0,47,1,0,0,0,0,0,0,0,5,8,22,36,65,29,19,0,184,184
82997,Flagship Charter Academy,0,0,286,0,1,0,0,2,0,288,0,0,0,0,2,0,574,0,1,0,0,74,80,82,76,81,77,53,54,0,0,0,0,0,287,290,577
82998,ACE Academy (SDA),1,0,158,0,19,8,0,0,0,0,0,0,0,0,1,0,158,0,19,8,0,0,0,0,0,0,0,0,1,1,6,30,46,102,186,0,186
83000,Wexford-Missaukee ISD,0,0,0,0,15,0,0,0,0,0,0,2,0,0,0,0,0,0,17,0,0,1,1,0,0,4,3,3,1,3,0,0,1,0,15,2,17
83010,Cadillac Area Public Schools,10,8,14,0,1596,8,30,14,11,19,0,1463,15,55,24,19,33,0,3059,23,85,334,214,239,228,247,204,212,223,256,264,247,260,315,1666,1577,3243
83060,Manton Consolidated Schools,0,0,0,0,495,0,1,1,0,0,0,505,0,1,1,0,0,0,1000,0,2,95,54,76,55,78,76,62,84,76,77,90,106,74,496,507,1003
83070,Mesick Consolidated Schools,5,2,6,1,364,8,0,7,5,4,0,344,6,0,12,7,10,1,708,14,0,47,62,52,51,62,57,50,48,67,65,70,58,63,386,366,752
